frec(GHz)	Temperatura[mK]	cont_sinlineas
71.727	0.0	0.0
71.758	0.0	0.0
71.789	0.0	0.0
71.821	0.0	0.0
71.852	0.0	0.0
71.883	0.0	0.0
71.914	0.0	0.0
71.946	0.0	0.0
71.977	0.0	0.0
72.008	0.0	0.0
72.039	0.0	0.0
72.071	0.0	0.0
72.102	0.0	0.0
72.133	0.0	0.0
72.164	0.0	0.0
72.196	0.0	0.0
72.227	0.0	0.0
72.258	0.0	0.0
72.289	0.0	0.0
72.321	0.0	0.0
72.352	0.0	0.0
72.383	0.0	0.0
72.414	0.0	0.0
72.446	0.0	0.0
72.477	0.0	0.0
72.508	0.0	0.0
72.539	0.0	0.0
72.571	0.0	0.0
72.602	0.0	0.0
72.633	0.0	0.0
72.664	0.0	0.0
72.696	0.0	0.0
72.727	0.0	0.0
72.758	0.0	0.0
72.789	0.0	0.0
72.821	0.0	0.0
72.852	0.0	0.0
72.883	0.0	0.0
72.915	-0.180977	-0.180977
72.946	-0.00789667	-0.00789667
72.977	0.367054	0.367054
73.008	0.547741	0.547741
73.04	-0.947666	-0.947666
73.071	-0.00562787	-0.00562787
73.102	0.601813	0.601813
73.133	-1.08915	-1.08915
73.165	0.333268	0.333268
73.196	1.42149	1.42149
73.227	-0.945905	-0.945905
73.258	-0.606131	-0.606131
73.29	-0.460929	-0.460929
73.321	1.77565	1.77565
73.352	0.0983787	0.0983787
73.383	-1.02094	-1.02094
73.415	-0.612801	-0.612801
73.446	0.343877	0.343877
73.477	0.449116	0.449116
73.508	0.20426	0.20426
73.54	0.0242567	0.0242567
73.571	0.465453	-0.150675
73.602	2.37314	-0.0282918
73.633	-0.325343	-0.325343
73.665	0.460582	0.460582
73.696	-0.986288	-0.986288
73.727	0.817924	0.817924
73.758	0.158371	0.158371
73.79	-0.423882	-0.423882
73.821	0.69528	0.69528
73.852	-0.374685	-0.374685
73.883	-0.883596	-0.883596
73.915	0.989005	0.989005
73.946	-0.0978503	-0.0978503
73.977	-0.139034	-0.139034
74.008	-0.386	-0.386
74.04	0.851835	0.851835
74.071	-0.369564	-0.369564
74.102	-0.175771	-0.175771
74.133	-0.721614	0.0638441
74.165	1.0608	0.116451
74.196	-0.166683	-0.166683
74.227	-0.379632	-0.379632
74.258	0.617425	0.617425
74.29	0.0335133	0.0335133
74.321	-0.241676	-0.241676
74.352	-0.175428	-0.175428
74.383	0.233877	0.233877
74.415	0.450511	0.450511
74.446	-0.487444	-0.487444
74.477	1.19468	-0.180335
74.508	1.88974	0.0250199
74.54	0.335257	0.0639136
74.571	0.11492	0.11492
74.602	0.0507383	0.0507383
74.633	0.241983	0.241983
74.665	-0.429862	-0.429862
74.696	0.249021	0.249021
74.727	-0.762785	-0.762785
74.758	1.41297	1.41297
74.79	-0.616149	-0.616149
74.821	-0.153115	-0.153115
74.852	-1.17949	-1.17949
74.884	1.03151	1.03151
74.915	0.921669	0.921669
74.946	-0.0848328	-0.0848328
74.977	-0.852656	-0.852656
75.009	-0.376866	-0.376866
75.04	0.308655	0.308655
75.071	0.448299	0.448299
75.102	0.0694923	0.0694923
75.134	-0.0780394	-0.0780394
75.165	-0.872954	-0.872954
75.196	0.278304	0.278304
75.227	0.987125	0.987125
75.259	-0.346277	-0.346277
75.29	-0.402387	-0.402387
75.321	-0.201787	-0.201787
75.352	0.529226	0.529226
75.384	0.00275058	0.00275058
75.415	-0.630613	-0.630613
75.446	0.709787	0.709787
75.477	0.933471	0.933471
75.509	-1.51886	-1.51886
75.54	-0.731624	-0.731624
75.571	0.529968	0.529968
75.602	0.886911	0.886911
75.634	0.148363	0.148363
75.665	-0.789153	-0.789153
75.696	0.405484	0.405484
75.727	0.200327	0.200327
75.759	0.0775229	0.0775229
75.79	-0.710045	-0.710045
75.821	-0.304073	-0.304073
75.852	0.570438	0.570438
75.884	1.3294	0.333845
75.915	1.20798	-0.138364
75.946	-1.63499	-0.23891
75.977	-0.330515	-0.330515
76.009	0.716904	0.716904
76.04	-0.378019	-0.378019
76.071	0.383086	0.383086
76.102	-0.357889	-0.357889
76.134	-0.382144	-0.382144
76.165	0.387758	0.387758
76.196	0.638686	0.638686
76.227	-0.588712	-0.588712
76.259	-0.916184	-0.916184
76.29	1.32026	1.32026
76.321	0.172536	0.172536
76.352	-0.595829	-0.595829
76.384	0.355189	-0.225456
76.415	1.56517	0.0737598
76.446	1.71704	0.100562
76.477	0.0464975	0.0464975
76.509	0.382024	0.382024
76.54	-0.842722	-0.842722
76.571	0.407849	0.407849
76.602	0.348889	0.348889
76.634	0.213623	0.213623
76.665	-0.815621	-0.815621
76.696	0.22436	0.22436
76.727	-0.180261	-0.180261
76.759	0.176762	0.176762
76.79	0.541463	0.541463
76.821	-0.129536	-0.129536
76.852	-1.10851	-1.10851
76.884	0.769107	0.769107
76.915	0.590387	0.590387
76.946	-0.539016	-0.539016
76.977	-0.334716	-0.334716
77.009	0.906295	0.906295
77.04	-0.470462	-0.470462
77.071	-0.778935	-0.778935
77.102	0.17473	0.17473
77.134	0.77024	0.77024
77.165	-0.239035	-0.239035
77.196	0.143452	0.143452
77.227	0.275774	0.275774
77.259	-0.744928	-0.744928
77.29	-0.190325	-0.190325
77.321	0.302929	0.302929
77.352	1.01605	1.01605
77.384	-0.881372	-0.881372
77.415	-0.579454	-0.579454
77.446	0.492623	0.492623
77.477	0.953808	0.953808
77.509	-0.510276	-0.510276
77.54	-1.32253	-1.32253
77.571	0.562786	0.562786
77.602	0.615658	0.615658
77.634	0.328848	0.328848
77.665	-0.346351	-0.346351
77.696	-0.303132	-0.303132
77.728	-0.108085	-0.108085
77.759	0.147745	0.147745
77.79	0.249166	0.249166
77.821	-0.17615	-0.17615
77.853	0.147466	0.147466
77.884	-0.0540941	-0.0540941
77.915	-0.0957257	-0.0957257
77.946	-0.997822	-0.0338571
77.978	0.525003	0.112612
78.009	-0.889046	0.0219666
78.04	-0.79512	-0.134753
78.071	-0.287442	-0.287442
78.103	0.376052	0.376052
78.134	0.570819	0.112149
78.165	0.855718	-0.022525
78.196	0.24563	-0.22988
78.228	-0.00611541	-0.0313919
78.259	0.127947	0.127947
78.29	0.624034	0.624034
78.321	-0.711202	-0.711202
78.353	0.111433	0.111433
78.384	0.103582	0.103582
78.415	-0.258436	-0.258436
78.446	-0.0218576	-0.0218576
78.478	-0.23377	-0.23377
78.509	0.289866	0.289866
78.54	0.305907	0.305907
78.571	0.23815	0.23815
78.603	-0.174249	-0.174249
78.634	-0.986938	-0.986938
78.665	0.753012	0.753012
78.696	0.477065	0.477065
78.728	-0.452408	-0.452408
78.759	-0.329482	-0.329482
78.79	-0.0471871	-0.0471871
78.821	0.387677	0.387677
78.853	0.171231	0.171231
78.884	-0.173352	-0.173352
78.915	0.0578685	0.0578685
78.946	-0.267502	-0.267502
78.978	0.11025	0.11025
79.009	0.0324301	0.0324301
79.04	-0.0649468	-0.0649468
79.071	-0.150099	-0.150099
79.103	0.557093	0.557093
79.134	0.0123201	0.0123201
79.165	-0.143098	-0.143098
79.196	-0.796186	-0.796186
79.228	0.550273	0.550273
79.259	-0.103292	-0.103292
79.29	0.313324	0.313324
79.321	0.0485659	0.0485659
79.353	0.126444	0.126444
79.384	-0.873896	-0.873896
79.415	-0.0627285	-0.0627285
79.446	0.976316	0.976316
79.478	0.232334	0.232334
79.509	-0.887446	-0.887446
79.54	0.0945117	0.0945117
79.571	0.36409	0.36409
79.603	-0.0243141	-0.0243141
79.634	-0.348476	-0.348476
79.665	-0.0761114	-0.0761114
79.697	0.246119	0.246119
79.728	0.205656	0.205656
79.759	-0.0233459	-0.0233459
79.79	-0.153367	-0.153367
79.822	-0.0826691	-0.0826691
79.853	0.374219	0.0233007
79.884	0.680732	0.0357044
79.915	0.943597	0.00876138
79.947	0.740518	-0.00683644
79.978	0.529487	0.00848687
80.009	0.0457157	0.0457157
80.04	0.0062207	0.0062207
80.072	-0.0940294	-0.0940294
80.103	-0.0887359	-0.0887359
80.134	0.0884393	0.0884393
80.165	0.130345	0.130345
80.197	0.0012061	0.0012061
80.228	0.024689	0.024689
80.259	-0.143328	-0.143328
80.29	0.0671	0.0671
80.322	-0.295796	-0.295796
80.353	0.0940941	0.0940941
80.384	0.262026	0.262026
80.415	-0.226367	0.150349
80.447	-0.594573	-0.217183
80.478	0.340838	-0.0810633
80.509	0.821821	0.0181631
80.54	0.296289	0.0431691
80.572	0.0501162	0.0315981
80.603	0.0193029	0.0193029
80.634	-0.0812094	-0.0812094
80.665	-0.149443	-0.149443
80.697	0.0548218	0.0548218
80.728	0.261113	0.261113
80.759	0.076923	0.076923
80.79	-0.241316	-0.241316
80.822	-0.125823	-0.125823
80.853	0.0976783	0.0976783
80.884	-0.0892361	-0.0892361
80.915	0.221729	0.221729
80.947	0.189582	0.189582
80.978	-0.2239	-0.2239
81.009	-0.250925	-0.250925
81.04	0.0482505	0.0482505
81.072	0.0627795	0.0627795
81.103	0.186983	0.186983
81.134	0.00641766	0.00641766
81.165	-0.0443847	-0.0443847
81.197	-0.044434	-0.044434
81.228	-0.10197	-0.10197
81.259	0.0266863	0.0266863
81.29	0.160968	0.160968
81.322	-0.0087789	-0.0087789
81.353	-0.133271	-0.133271
81.384	-0.126677	-0.126677
81.415	0.166766	0.166766
81.447	0.390096	0.0545905
81.478	0.398357	-0.0190285
81.509	0.333447	-0.0430318
81.54	0.222258	0.0321183
81.572	0.189672	0.0257664
81.603	-0.0227513	-0.0227513
81.634	-0.131966	-0.131966
81.665	0.157359	0.157359
81.697	0.00985754	0.00985754
81.728	-0.229629	-0.229629
81.759	0.0984041	0.0984041
81.79	0.125082	0.125082
81.822	-0.189241	0.00820747
81.853	1.85804	-0.0513431
81.884	3.54929	0.00259626
81.915	0.852429	0.0168846
81.947	-0.090698	-0.00823039
81.978	-0.06621	-0.06621
82.009	0.0139234	0.0139234
82.04	0.342451	0.0226126
82.072	1.00561	0.0113991
82.103	0.929876	-0.00458884
82.134	-0.000611305	-0.00434899
82.165	-0.0100772	0.00125229
82.197	0.0729101	-0.0122004
82.228	1.0729	0.00950816
82.259	0.777947	0.0533611
82.29	0.0389738	0.0389738
82.322	-0.154746	-0.154746
82.353	-0.0732842	-0.0732842
82.384	0.162444	0.162444
82.415	0.0143025	0.0143025
82.447	-0.0580223	-0.0580223
82.478	0.0347287	0.0347287
82.509	0.109488	0.109488
82.541	-0.0455002	-0.0455002
82.572	-0.408636	-0.408636
82.603	0.258559	0.258559
82.634	0.324855	0.324855
82.666	-0.188553	-0.188553
82.697	-0.11104	-0.11104
82.728	0.0144042	0.0132062
82.759	0.384482	0.0410387
82.791	0.685828	0.0216937
82.822	0.193484	0.0258701
82.853	-0.184554	-0.0609531
82.884	-0.143703	-0.143703
82.916	0.120632	0.120632
82.947	0.229254	0.229254
82.978	-0.163077	-0.163077
83.009	-0.239662	-0.239662
83.041	0.127971	0.127971
83.072	0.294654	0.294654
83.103	-0.0940007	-0.0940007
83.134	-0.41967	-0.41967
83.166	0.13174	0.13174
83.197	0.336249	0.336249
83.228	0.0211973	0.0211973
83.259	-0.153742	-0.153742
83.291	-0.164566	-0.164566
83.322	0.0756813	0.0756813
83.353	-0.0887798	0.0512245
83.384	0.202035	0.0112136
83.416	0.325355	-0.00797241
83.447	-0.0156164	-0.00839966
83.478	-0.0955304	-0.0598191
83.509	-0.0303334	-0.0303334
83.541	0.137155	0.137155
83.572	0.155059	0.155059
83.603	-0.192051	-0.192051
83.634	-0.129172	-0.0725013
83.666	0.0901766	0.021531
83.697	0.0805386	0.0502009
83.728	0.190552	0.010197
83.759	0.216073	-0.0059194
83.791	-0.0499288	-0.0499288
83.822	-0.00366879	-0.00366879
83.853	0.0715512	0.0715512
83.884	0.0903466	0.0903466
83.916	-0.106115	-0.106115
83.947	-0.192314	-0.192314
83.978	0.028024	0.028024
84.009	0.279561	0.279561
84.041	0.0024625	0.0024625
84.072	-0.157704	-0.157704
84.103	0.0187582	0.0187582
84.134	-0.050174	-0.050174
84.166	0.0441341	0.0441341
84.197	0.0502756	0.0502756
84.228	0.0454144	0.0454144
84.259	-0.147525	-0.147525
84.291	-0.00292984	-0.00292984
84.322	0.160327	0.160327
84.353	-0.103011	-0.103011
84.384	-0.0204045	-0.0204045
84.416	0.0224349	0.0224349
84.447	0.205726	0.0238208
84.478	0.708276	-0.0118694
84.51	1.45054	-0.00342852
84.541	1.13602	2.14577e-06
84.572	-0.136625	5.48363e-06
84.603	-0.0334766	-6.61612e-06
84.635	0.499036	-0.0184691
84.666	0.33257	-0.0059644
84.697	0.206925	0.0493118
84.728	0.0853561	0.0853561
84.76	-0.111927	-0.111927
84.791	-0.106215	-0.106215
84.822	0.105486	0.105486
84.853	0.0780025	0.0780025
84.885	-0.0788176	-0.0788176
84.916	0.216405	-0.0313282
84.947	0.75731	0.00830054
84.978	0.729627	0.0459749
85.01	0.333287	0.0669369
85.041	-0.0266808	-0.0266808
85.072	-0.2742	-0.2742
85.103	-0.00466907	-0.00466907
85.135	0.40043	0.40043
85.166	0.0365174	0.0365174
85.197	-0.36715	-0.36715
85.228	0.0936638	0.0936638
85.26	-0.240736	0.0909533
85.291	-0.0153904	0.00909995
85.322	2.20533	-0.0446072
85.353	2.29244	-4.95836e-06
85.385	-0.269242	3.50922e-06
85.416	0.30052	0.00437268
85.447	1.20078	-0.043206
85.478	0.935263	-0.0377207
85.51	0.0543933	0.0543933
85.541	0.238329	0.238329
85.572	-0.111922	-0.111922
85.603	-0.177004	-0.177004
85.635	0.171523	-0.0159431
85.666	1.42517	0.0768831
85.697	0.557572	-0.00877863
85.728	0.0398864	-0.0172459
85.76	0.00862211	0.00862211
85.791	0.176066	0.176066
85.822	-0.214642	-0.214642
85.853	-0.0779773	-0.0779773
85.885	0.115372	0.115372
85.916	0.134822	0.134822
85.947	0.330354	0.330354
85.978	-0.641458	-0.641458
86.01	0.0707951	0.0707951
86.041	-0.0279438	-0.0279438
86.072	0.170494	0.170494
86.103	0.106128	0.106128
86.135	-0.210517	-0.210517
86.166	0.326469	0.326469
86.197	-0.231903	-0.231903
86.228	-0.168503	-0.168503
86.26	0.13328	0.13328
86.291	-0.0136776	0.222623
86.322	2.69068	-0.0426354
86.353	1.32434	-0.187991
86.385	-0.434878	-0.434878
86.416	0.713863	0.713863
86.447	-0.219044	-0.219044
86.478	0.170688	0.170688
86.51	-0.472871	-0.472871
86.541	0.404822	0.404822
86.572	-0.119889	-0.119889
86.603	0.163096	0.163096
86.635	-0.189506	-0.189506
86.666	1.00643	-0.0118027
86.697	-0.0528757	0.00264686
86.728	1.62221	0.0392543
86.76	1.98705	-3.09944e-06
86.791	0.333424	2.5034e-06
86.822	1.94416	-0.0242273
86.853	1.63366	0.0229803
86.885	-1.06186	-0.0083673
86.916	0.100755	0.100755
86.947	-0.159945	-0.159945
86.978	0.196369	0.196369
87.01	-0.498021	-0.498021
87.041	0.460525	0.460525
87.072	0.141697	0.141697
87.103	0.207542	0.207542
87.135	-0.987939	-0.987939
87.166	0.395962	0.395962
87.197	-0.762599	0.221764
87.228	0.310085	0.0576065
87.26	-0.901079	-0.1267
87.291	7.32179	-6.31809e-06
87.322	11.4648	-1.19209e-07
87.353	1.02894	5.36442e-06
87.385	5.23468	-3.57628e-06
87.416	3.66694	0.0183266
87.447	0.969026	0.00431502
87.479	0.772058	0.0871195
87.51	-0.14072	-0.14072
87.541	-0.0643764	-0.0643764
87.572	-0.31899	-0.31899
87.604	0.834001	0.834001
87.635	-0.412585	-0.412585
87.666	0.204384	0.204384
87.697	-0.44886	-0.44886
87.729	0.0828149	0.0828149
87.76	0.248126	0.248126
87.791	0.00954235	0.00954235
87.822	-0.201082	-0.201082
87.854	0.0782588	0.0782588
87.885	0.854476	0.055989
87.916	7.42695	0.0701612
87.947	1.1291	-0.106394
87.979	0.269083	-0.0753878
88.01	-0.246356	-0.246356
88.041	0.721796	0.721796
88.072	-0.528951	-0.528951
88.104	0.535578	0.535578
88.135	-0.850446	-0.850446
88.166	0.780494	0.780494
88.197	-0.941404	-0.941404
88.229	1.15836	1.15836
88.26	-1.22601	-1.22601
88.291	1.308	1.308
88.322	-1.16586	-1.16586
88.354	1.68934	1.68934
88.385	-2.26076	-2.26076
88.416	1.52582	1.52582
88.447	-1.95921	-1.95921
88.479	3.55399	3.55399
88.51	-1.7564	-1.7564
88.541	5.86711	-0.583686
88.572	-5.45867	-0.220704
88.604	37.0344	0.541776
88.635	52.3072	-3.40939e-05
88.666	1.63307	-0.268574
88.697	2.94664	0.055324
88.729	-2.27396	0.23392
88.76	0.807713	0.807713
88.791	-1.46504	-1.46504
88.822	1.02057	1.02057
88.854	-0.37358	-0.37358
88.885	0.257974	0.257974
88.916	-0.400063	-0.400063
88.947	-0.486855	-0.486855
88.979	0.642665	0.642665
89.01	-0.684684	-0.684684
89.041	1.97082	1.97082
89.072	-1.08763	-1.08763
89.104	4.35646	-0.436115
89.135	-2.19773	-0.111586
89.166	39.5913	0.325152
89.197	37.3879	0.417587
89.229	0.463917	-0.212906
89.26	5.26837	-0.447213
89.291	-1.35985	-1.35985
89.322	2.64082	2.64082
89.354	-1.55204	-1.55204
89.385	1.7506	1.7506
89.416	-1.23675	-1.23675
89.448	2.13003	-0.199401
89.479	0.307203	-0.358941
89.51	2.15633	0.345843
89.541	-1.14418	0.169937
89.573	0.829001	0.829001
89.604	-1.05134	-1.05134
89.635	0.606976	0.606976
89.666	-1.02745	-1.02745
89.698	0.955749	0.955749
89.729	-0.645284	-0.645284
89.76	1.1167	1.1167
89.791	-1.22398	-1.22398
89.823	0.872012	0.872012
89.854	-0.779966	-0.779966
89.885	0.980809	0.980809
89.916	-1.32263	-1.32263
89.948	1.04682	1.04682
89.979	-0.713834	-0.713834
90.01	1.10304	1.10304
90.041	-1.30105	-1.30105
90.073	0.973185	0.973185
90.104	-0.750753	-0.750753
90.135	1.17574	1.17574
90.166	-1.51784	-1.51784
90.198	0.831776	0.831776
90.229	-0.54169	-0.54169
90.26	1.3553	1.3553
90.291	-1.62846	-1.62846
90.323	1.17665	1.17665
90.354	-1.06704	-1.06704
90.385	1.43183	1.43183
90.416	-1.44592	-1.44592
90.448	0.852839	0.852839
90.479	-1.29684	-1.29684
90.51	2.26489	2.26489
90.541	-1.01961	-1.01961
90.573	3.33164	-0.365812
90.604	-3.11518	-0.155936
90.635	16.4567	0.32441
90.666	25.2265	1.21593e-05
90.698	0.749915	-0.12198
90.729	1.19956	-0.00219095
90.76	-0.745444	0.161823
90.791	0.400484	0.400484
90.823	-0.638373	-0.638373
90.854	0.128178	0.128178
90.885	0.0685796	0.0685796
90.916	-0.560311	0.0582808
90.948	1.57164	-0.0636294
90.979	3.40385	0.0289906
91.01	0.401804	0.0114228
91.041	0.512153	-0.0657299
91.073	-0.0710843	-0.0710843
91.104	0.129777	0.129777
91.135	0.145842	0.145842
91.166	-0.303471	-0.303471
91.198	0.00188923	0.00188923
91.229	0.222452	0.222452
91.26	0.193592	0.193592
91.291	-0.185543	-0.185543
91.323	-0.693686	-0.693686
91.354	0.596838	0.596838
91.385	0.443474	0.443474
91.416	-0.32036	-0.32036
91.448	-0.38742	-0.38742
91.479	-0.0909013	-0.0909013
91.51	0.639055	0.639055
91.541	-0.202804	-0.202804
91.573	-0.179727	-0.179727
91.604	0.199106	0.199106
91.635	-0.143195	-0.143195
91.666	-0.0483012	-0.0483012
91.698	0.306441	0.306441
91.729	-0.326125	-0.326125
91.76	0.109879	0.109879
91.791	-0.110705	-0.110705
91.823	0.175045	0.175045
91.854	-0.0553793	-0.0553793
91.885	0.374983	-0.00601017
91.916	0.162954	-0.0191908
91.948	1.14212	0.014644
91.979	2.14843	-1.15633e-05
92.01	1.11639	0.0416796
92.041	0.603947	0.00233698
92.073	-0.196333	-0.0716122
92.104	-0.190009	-0.190009
92.135	0.212901	0.212901
92.166	0.0677962	0.0677962
92.198	0.0798609	0.0798609
92.229	-0.173004	-0.173004
92.26	0.0432309	0.0432309
92.292	-0.0239582	-0.0239582
92.323	0.333565	0.00785583
92.354	0.440982	-0.00511271
92.385	0.496996	0.0101176
92.417	-0.00416857	-0.00416857
92.448	0.0447403	-0.000184774
92.479	0.567029	0.00497454
92.51	0.658202	0.011345
92.542	-0.152155	-0.0475589
92.573	-0.0448989	-0.0448989
92.604	0.0628387	0.0628387
92.635	0.22455	0.22455
92.667	-0.202536	-0.202536
92.698	-0.122172	-0.122172
92.729	0.114928	0.114928
92.76	0.0249395	0.0249395
92.792	-0.0641761	-0.0641761
92.823	0.100141	0.100141
92.854	-0.00371885	-0.00371885
92.885	-0.105377	-0.105377
92.917	0.00179279	0.00179279
92.948	0.0203232	0.0203232
92.979	0.0637414	0.0637414
93.01	-0.0733641	-0.0733641
93.042	-0.0138162	-0.0138162
93.073	0.0749992	0.0749992
93.104	0.162432	0.0163634
93.135	2.4339	-0.0235407
93.167	8.17553	-0.017512
93.198	3.30906	0.0497674
93.229	-0.366893	-0.0326428
93.26	0.614555	-0.0272778
93.292	-0.119816	-0.119816
93.323	0.321698	0.321698
93.354	-0.371579	-0.371579
93.385	0.223601	0.223601
93.417	-0.0936984	-0.0936984
93.448	0.0658356	0.0658356
93.479	-0.0847738	-0.0847738
93.51	0.299486	0.299486
93.542	-0.218141	-0.218141
93.573	0.829215	-0.0759037
93.604	0.915594	0.0219584
93.635	0.772478	0.0909235
93.667	-0.205525	-0.049535
93.698	-0.128928	-0.128928
93.729	-0.0264097	-0.0264097
93.76	0.277531	0.277531
93.792	-0.0214597	-0.0214597
93.823	0.0304191	0.0304191
93.854	-0.239338	-0.239338
93.885	0.0991006	0.0991006
93.917	-0.0413123	-0.0413123
93.948	0.123131	0.123131
93.979	-0.118423	-0.118423
94.01	0.0196768	0.0196768
94.042	0.0310648	0.0310648
94.073	0.0536833	0.0536833
94.104	-0.200658	-0.200658
94.135	0.301157	0.301157
94.167	-0.137968	-0.137968
94.198	-0.0360123	-0.0360123
94.229	-0.1313	-0.1313
94.261	0.22508	0.22508
94.292	-0.0266838	-0.0266838
94.323	-0.0467522	-0.0467522
94.354	-0.1725	-0.1725
94.386	0.235971	0.235971
94.417	-0.0104386	-0.0104386
94.448	-0.0469738	-0.0469738
94.479	0.00994244	0.00994244
94.511	0.0430885	0.0430885
94.542	-0.165569	-0.165569
94.573	0.00615747	0.00615747
94.604	0.136196	0.136196
94.636	0.113863	0.113863
94.667	-0.221487	-0.221487
94.698	-0.0226137	-0.0226137
94.729	-0.0362391	-0.0362391
94.761	0.262713	0.262713
94.792	-0.110765	-0.110765
94.823	0.0115257	0.0115257
94.854	0.0281729	0.0281729
94.886	-0.0594178	-0.0594178
94.917	-0.0516993	-0.0516993
94.948	-0.0412361	-0.0412361
94.979	0.123091	0.123091
95.011	-0.0780106	-0.0780106
95.042	0.0591354	0.0591354
95.073	0.0203658	0.0203658
95.104	-0.101563	-0.101563
95.136	0.0428038	0.0428038
95.167	0.0841647	0.0841647
95.198	-0.075271	-0.075271
95.229	0.0381175	0.0381175
95.261	-0.0500588	-0.0500588
95.292	-0.0373652	-0.0373652
95.323	0.140713	0.140713
95.354	-0.0161345	-0.0161345
95.386	-0.129422	-0.129422
95.417	0.00758813	0.00758813
95.448	0.0561983	0.0561983
95.479	0.0309386	0.0309386
95.511	0.02791	0.02791
95.542	-0.0839814	-0.0839814
95.573	0.0203277	0.0203277
95.604	0.0171924	0.0171924
95.636	-0.00505777	-0.00505777
95.667	-0.108886	-0.108886
95.698	0.16588	0.16588
95.729	-0.0580025	-0.0580025
95.761	-0.0349837	-0.0349837
95.792	0.0759531	0.0759531
95.823	0.00658862	0.00658862
95.854	-0.0635025	-0.0635025
95.886	-0.135945	-0.135945
95.917	0.174543	0.174543
95.948	-0.0422485	-0.0422485
95.979	0.0728768	0.0728768
96.011	0.0918364	0.0918364
96.042	-0.172059	-0.172059
96.073	-0.135066	-0.135066
96.104	0.151626	0.151626
96.136	0.0682861	0.0682861
96.167	-0.018498	-0.018498
96.198	-0.0130488	-0.0130488
96.229	-0.0459533	-0.0459533
96.261	-0.107576	-0.107576
96.292	0.114699	0.114699
96.323	0.0449818	0.0449818
96.354	0.0165719	-0.00965533
96.386	0.297661	-0.0276491
96.417	0.816227	-0.0128963
96.448	-0.330109	-0.0381358
96.479	-0.181815	0.0382734
96.511	0.101362	0.101362
96.542	0.0599016	0.0599016
96.573	-0.257002	-0.257002
96.604	0.087429	0.087429
96.636	-0.0789776	-0.0789776
96.667	0.115301	0.115301
96.698	1.42269	0.0110096
96.729	5.8851	0.000589006
96.761	3.1846	0.00180967
96.792	-0.369862	-0.00992634
96.823	0.674565	-0.0178171
96.854	-0.114272	-0.114272
96.886	0.14403	0.14403
96.917	-0.123382	-0.123382
96.948	0.240801	0.240801
96.979	-0.1423	-0.1423
97.011	0.0417398	0.0417398
97.042	-0.0864643	-0.0864643
97.073	0.0728137	0.0728137
97.105	-0.122368	-0.122368
97.136	0.0689156	0.0689156
97.167	0.0604656	0.0604656
97.198	0.0201692	0.0201692
97.23	-0.186739	-0.186739
97.261	0.0761829	0.0761829
97.292	0.112785	0.112785
97.323	0.0973161	0.0973161
97.355	-0.193135	-0.193135
97.386	-0.0115156	-0.0115156
97.417	-0.0886719	-0.0886719
97.448	0.239799	0.239799
97.48	-0.0193769	-0.0193769
97.511	-0.194594	-0.194594
97.542	-0.0657441	-0.0657441
97.573	0.304159	0.304159
97.605	0.00210945	0.00210945
97.636	-0.146176	-0.146176
97.667	-0.0265783	-0.0265783
97.698	-0.0409724	-0.0409724
97.73	0.0108597	0.0108597
97.761	0.0807803	0.0807803
97.792	0.0651259	0.0651259
97.823	0.0228434	0.0228434
97.855	-0.112418	-0.112418
97.886	-0.136291	-0.0254895
97.917	0.0724601	0.0167867
97.948	3.86173	0.0215205
97.98	8.93483	2.02656e-06
98.011	2.30395	0.0696569
98.042	-0.780784	0.00267476
98.073	0.496407	-0.0558214
98.105	-0.303722	-0.303722
98.136	0.300705	0.300705
98.167	-0.110436	-0.110436
98.198	0.41521	0.41521
98.23	-0.411882	-0.411882
98.261	0.177239	0.177239
98.292	-0.146757	-0.146757
98.323	0.0558217	0.0558217
98.355	-0.344595	-0.344595
98.386	0.539247	0.539247
98.417	-0.157137	-0.157137
98.448	0.15457	0.15457
98.48	-0.0547481	-0.0547481
98.511	-0.182602	-0.182602
98.542	0.682608	-0.0555116
98.573	0.592598	0.0625753
98.605	-0.072033	0.0455083
98.636	-0.121449	-0.00561291
98.667	0.54616	-0.0102258
98.698	0.0811127	0.00595278
98.73	0.0592661	0.0592661
98.761	0.0239028	0.0239028
98.792	-0.044122	-0.044122
98.823	-0.131012	-0.131012
98.855	0.0170491	0.0170491
98.886	-0.0378652	-0.0378652
98.917	0.253121	0.253121
98.948	-0.0615308	-0.0615308
98.98	-0.173937	0.00322765
99.011	0.476633	-0.047551
99.042	0.357139	-0.106585
99.074	-0.117234	-0.117234
99.105	0.390219	0.390219
99.136	-0.109447	-0.109447
99.167	-0.420097	-0.420097
99.199	0.552528	0.552528
99.23	-0.110839	-0.110839
99.261	1.38619	-0.110499
99.292	3.96288	-0.0284887
99.324	1.29651	0.0782121
99.355	-0.0103784	-0.016601
99.386	-0.177442	-0.177442
99.417	0.0949937	0.0949937
99.449	-0.0194368	-0.0194368
99.48	0.350085	0.350085
99.511	-0.272065	-0.272065
99.542	-0.0790923	-0.0790923
99.574	0.010899	0.010899
99.605	0.209625	0.209625
99.636	-0.089125	-0.089125
99.667	-0.3567	-0.3567
99.699	0.327695	0.327695
99.73	0.238291	0.238291
99.761	-0.418883	-0.418883
99.792	0.0997706	0.0997706
99.824	0.0481622	0.0481622
99.855	0.11526	0.11526
99.886	-0.193934	-0.193934
99.917	0.0348036	0.0348036
99.949	0.0102953	0.0102953
99.98	0.451385	0.451385
100.011	-0.416775	-0.416775
100.042	2.38795	-0.133413
100.073	3.37086	0.00785917
100.105	0.373615	0.0768265
100.136	-0.227641	0.00319743
100.167	0.114804	0.114804
100.198	0.0187642	0.0187642
100.23	-0.0523375	-0.0523375
100.261	-0.0415564	-0.0415564
100.292	0.0625452	0.0625452
100.323	-0.0193307	-0.0193307
100.355	-0.162918	-0.162918
100.386	0.202445	0.202445
100.417	-0.0368783	-0.0368783
100.448	-0.13419	-0.13419
100.48	-0.065778	-0.065778
100.511	0.226311	0.226311
100.542	0.0267599	0.0267599
100.573	0.0742871	-0.0481719
100.605	1.06194	-0.0413142
100.636	0.90604	0.0265049
100.667	0.240786	-0.0267483
100.698	0.0120226	-0.0117278
100.73	-0.0171551	-0.0171551
100.761	0.216686	0.216686
100.792	-0.301826	-0.301826
100.823	-0.0223368	-0.0223368
100.855	-0.0359777	-0.0359777
100.886	0.275339	0.275339
100.917	-0.0475012	-0.0475012
100.948	0.295212	0.295212
100.98	-0.339305	-0.339305
101.011	0.0419589	0.0419589
101.042	-0.183187	-0.183187
101.073	-0.108417	-0.108417
101.105	-0.0281271	-0.0281271
101.136	0.556739	0.556739
101.167	-0.14522	-0.14522
101.198	-0.232695	-0.232695
101.23	0.00705259	0.00705259
101.261	0.227416	0.227416
101.292	-0.223152	-0.223152
101.323	0.140984	0.140984
101.355	-0.0187097	-0.0187097
101.386	-0.054199	-0.054199
101.417	-0.0242681	-0.0324052
101.448	0.652971	0.0314183
101.48	1.19548	0.00950599
101.511	0.891693	0.0111034
101.542	0.690732	0.0128329
101.573	-0.000993371	-0.000993371
101.605	-0.0609377	-0.0609377
101.636	0.0245934	0.0245934
101.667	0.440198	0.0182565
101.698	0.850805	0.0050288
101.73	0.938234	-0.0678645
101.761	0.179224	0.0265123
101.792	0.0548762	0.11135
101.823	0.152379	0.152379
101.855	-0.443305	-0.443305
101.886	0.135169	0.135169
101.917	0.20589	0.20589
101.948	-0.126249	-0.126249
101.981	-0.0835404	-0.0835404
102.012	0.055879	0.055879
102.043	0.082994	0.082994
102.074	-0.126451	-0.126451
102.106	0.0288059	0.0288059
102.137	0.201167	0.201167
102.168	-0.194641	-0.194641
102.199	0.125302	0.125302
102.231	-0.168007	-0.168007
102.262	0.0674735	0.0674735
102.293	0.205942	0.205942
102.324	-0.315973	-0.315973
102.356	-0.288489	-0.288489
102.387	0.561987	0.561987
102.418	0.027997	0.027997
102.449	-0.142068	-0.142068
102.481	-0.346148	-0.0879637
102.512	1.09328	0.0417685
102.543	2.21383	0.0408353
102.574	0.981461	0.0123051
102.606	0.979282	-0.0207921
102.637	-0.14262	-0.14262
102.668	0.0895482	0.0895482
102.699	-0.009682	-0.009682
102.731	0.151272	0.151272
102.762	-0.108596	-0.108596
102.793	-0.123669	-0.123669
102.824	0.205907	0.205907
102.856	-0.105411	-0.105411
102.887	-0.0487618	-0.0487618
102.918	0.109108	0.109108
102.949	-0.00445005	-0.00445005
102.981	-0.123663	-0.0371652
103.012	0.53775	-0.0132024
103.043	0.431672	-0.0181805
103.074	-0.199024	-0.0628392
103.106	-0.0277252	0.0961986
103.137	0.28482	0.28482
103.168	0.00173089	0.00173089
103.199	-0.612204	-0.612204
103.231	-0.00911052	-0.00911052
103.262	0.388607	0.388607
103.293	-0.0424406	-0.0424406
103.324	-0.144636	-0.144636
103.356	0.107405	0.107405
103.387	0.364787	0.364787
103.418	0.00812119	0.00812119
103.449	-0.631286	-0.631286
103.481	0.108729	0.108729
103.512	0.24439	0.160399
103.543	0.8404	0.0637677
103.574	0.607229	-0.0457498
103.606	1.05714	-0.00985175
103.637	0.670939	-0.0424889
103.668	0.0147821	0.0147821
103.699	0.172392	0.172392
103.731	0.0627378	0.0627378
103.762	-0.293637	-0.293637
103.793	-0.0970448	-0.0970448
103.824	0.123254	0.123254
103.856	-0.0588577	-0.0588577
103.887	0.0785652	0.0785652
103.918	0.145825	0.145825
103.949	0.116259	0.116259
103.981	-0.020499	-0.020499
104.012	-0.0340473	-0.0340473
104.043	-0.410907	-0.410907
104.074	-0.247585	-0.247585
104.106	0.367682	0.367682
104.137	0.215186	0.215186
104.168	0.0766226	0.0766226
104.199	0.119408	0.119408
104.231	-0.0952558	-0.0952558
104.262	-0.274893	-0.274893
104.293	-0.175252	-0.175252
104.324	0.13304	0.13304
104.356	0.301886	0.301886
104.387	0.0145285	0.0145285
104.418	-0.23885	-0.23885
104.449	-0.0913737	-0.0913737
104.481	0.164378	0.164378
104.512	-0.251635	-0.251635
104.543	0.293829	0.293829
104.574	0.144276	0.144276
104.606	0.028688	0.028688
104.637	-0.526825	-0.526825
104.668	0.108206	0.108206
104.699	0.301123	0.301123
104.731	0.0116058	0.0116058
104.762	-0.465452	-0.465452
104.793	0.536222	0.536222
104.824	0.0335884	0.0335884
104.856	-0.138101	-0.138101
104.887	-0.465153	-0.465153
104.918	0.366754	0.366754
104.949	0.121709	0.121709
104.981	0.136373	0.136373
105.012	-0.45883	-0.45883
105.043	0.203696	0.203696
105.074	-0.364586	-0.364586
105.106	0.508402	0.508402
105.137	-0.0240514	-0.0240514
105.168	-0.0550648	-0.0550648
105.199	-0.114477	-0.114477
105.231	0.00485146	0.00485146
105.262	0.079188	0.079188
105.293	0.115031	0.115031
105.324	-0.301694	-0.301694
105.356	0.216915	0.216915
105.387	-0.219535	-0.219535
105.418	0.0478951	0.0478951
105.449	0.297747	0.297747
105.481	-0.0205663	-0.0205663
105.512	-0.305063	-0.305063
105.543	0.104809	0.104809
105.574	-0.0279294	-0.0279294
105.606	0.0804733	0.0804733
105.637	-0.106503	-0.106503
105.668	0.227523	0.227523
105.699	-0.177734	-0.177734
105.731	-0.0437108	-0.0437108
105.762	0.106819	0.106819
105.793	0.196004	0.196004
105.824	-0.513698	-0.513698
105.856	0.320144	0.320144
105.887	-0.0138022	-0.0138022
105.918	0.292547	0.292547
105.949	-0.624347	-0.624347
105.981	0.140898	0.140898
106.012	0.275314	0.275314
106.043	0.256653	0.256653
106.074	-0.569839	-0.569839
106.106	0.108016	0.108016
106.137	0.204488	0.204488
106.168	-0.0957921	-0.0957921
106.199	-0.165972	-0.165972
106.231	0.169311	0.169311
106.262	0.0529684	0.0529684
106.293	-0.41441	-0.0303839
106.324	0.26894	-0.0397572
106.356	0.149701	0.04451
106.387	-0.0734156	0.00624597
106.418	-0.0477256	-0.0477256
106.449	-0.167235	-0.167235
106.481	0.257869	0.257869
106.512	-0.0338921	-0.0338921
106.543	-0.0619994	-0.0619994
106.574	-0.122242	-0.122242
106.606	0.228424	0.228424
106.637	-0.116573	-0.116573
106.668	0.019384	0.019384
106.699	0.250647	-0.00148296
106.731	1.16699	0.0662672
106.762	0.264097	0.0132086
106.793	-0.383746	-0.0488832
106.824	-0.345432	-0.345432
106.856	0.143847	0.143847
106.887	0.235008	0.235008
106.918	0.509167	0.509167
106.949	-0.788375	-0.788375
106.981	0.264441	0.264441
107.012	-0.0906984	-0.0906984
107.043	-0.0809525	-0.0809525
107.074	0.00801969	0.00801969
107.106	0.21988	0.21988
107.137	0.018599	0.018599
107.168	-0.0997959	-0.0997959
107.199	-0.17256	-0.17256
107.231	0.154489	0.154489
107.262	-0.11817	-0.11817
107.293	0.27063	0.27063
107.324	-0.105613	-0.105613
107.356	0.0722188	0.0722188
107.387	-0.213812	-0.213812
107.418	-0.0106035	-0.0106035
107.449	-0.0961813	-0.0961813
107.481	0.249981	0.249981
107.512	0.055965	0.055965
107.543	0.0947177	0.0947177
107.574	-0.292958	-0.292958
107.606	0.117258	0.117258
107.637	-0.276904	-0.276904
107.668	0.313628	0.313628
107.699	0.197876	0.197876
107.731	-0.313104	-0.313104
107.762	-0.222357	-0.222357
107.793	0.424919	0.424919
107.824	-0.332041	-0.332041
107.856	0.252274	0.252274
107.887	0.0546504	0.0546504
107.918	-0.0214318	-0.0214318
107.949	-0.18607	-0.18607
107.981	0.144983	0.144983
108.012	0.00429368	0.00429368
108.043	-0.32505	-0.32505
108.074	0.123217	0.123217
108.106	0.130111	0.130111
108.137	0.351704	0.351704
108.168	-0.485799	-0.485799
108.199	-0.0645155	-0.0645155
108.231	0.166338	0.166338
108.262	0.341285	0.341285
108.293	-0.363069	-0.363069
108.324	0.166497	0.166497
108.356	-0.142545	-0.142545
108.387	0.0368323	0.0368323
108.418	-0.0815655	-0.0815655
108.449	0.00121129	0.00121129
108.481	0.123809	0.123809
108.512	-0.0636834	-0.0636834
108.543	-0.0382043	-0.0382043
108.574	0.0652444	0.0652444
108.606	-0.22713	0.0258796
108.637	1.02862	0.0396136
108.668	0.371478	-0.0304006
108.699	-0.444898	-0.0937929
108.731	-0.18248	-0.18248
108.762	0.379493	0.379493
108.793	-0.0811842	-0.0811842
108.824	-1.13529	-0.072327
108.856	0.0665562	-0.0375286
108.887	2.71458	-0.034574
108.918	0.43609	-0.0190673
108.949	0.222813	0.129604
108.981	0.300486	0.300486
109.012	-0.363023	-0.363023
109.043	-0.135638	-0.135638
109.074	0.106252	0.106252
109.106	-0.0441176	0.092512
109.137	1.18164	-0.0177941
109.168	3.59962	-0.0171184
109.199	0.312679	0.00757939
109.231	0.420567	-0.0173748
109.262	0.649163	-0.0244753
109.293	-0.00910395	-0.00910395
109.324	0.113732	0.113732
109.356	-0.0429773	-0.0429773
109.387	-0.204355	-0.0316491
109.418	-0.568088	-0.0274608
109.449	1.40041	-0.0105658
109.481	0.685385	0.00344765
109.512	0.105343	0.105343
109.543	-0.0378878	0.0346953
109.574	0.961457	-0.0369886
109.606	-0.0734413	-0.135576
109.637	0.994267	0.0189463
109.668	-0.508304	0.0379519
109.699	1.3581	0.0201246
109.731	1.04568	-0.00564969
109.762	18.5875	-2.6226e-06
109.793	18.0334	2.14577e-06
109.824	-0.475996	-2.38419e-07
109.856	3.79354	-2.6226e-06
109.887	8.40471	1.43051e-06
109.918	7.67596	0.268997
109.949	-2.11212	-0.212981
109.981	2.28276	-0.500703
110.012	-0.627004	-0.627004
110.043	2.33909	2.33909
110.074	-0.872681	-0.872681
110.106	2.67745	-0.552761
110.137	0.206389	-0.154683
110.168	37.5061	0.312724
110.199	101.238	1.12057e-05
110.231	13.9056	-1.14441e-05
110.262	-1.09021	-4.29153e-06
110.293	1.89095	-2.02656e-06
110.324	0.374372	1.90735e-06
110.356	2.98248	-0.0186002
110.387	3.11108	0.0433449
110.418	1.64006	-0.00203609
110.449	-0.168287	-0.168287
110.481	-0.204341	-0.204341
110.512	0.560923	0.560923
110.543	0.444059	0.444059
110.574	-0.730218	-0.730218
110.606	0.191919	0.191919
110.637	-0.286664	-0.286664
110.668	-0.295372	-0.295372
110.699	0.296436	0.296436
110.731	0.278311	0.278311
110.762	0.248268	0.248268
110.793	-0.474738	-0.474738
110.824	-0.0612158	-0.0612158
110.856	0.152492	0.152492
110.887	0.320007	0.320007
110.918	0.0860286	0.0860286
110.949	0.0883477	0.0883477
110.981	-1.66968	-1.66968
111.012	0.963431	0.963431
111.043	0.470537	0.470537
111.074	0.0461575	0.0461575
111.106	-0.279106	-0.279106
111.137	0.0	0.0
111.168	0.0	0.0
111.199	0.0	0.0
111.231	0.0	0.0
111.262	0.0	0.0
111.293	0.0	0.0
111.324	0.0	0.0
111.356	0.0	0.0
111.387	0.0	0.0
111.418	0.0	0.0
111.449	0.0	0.0
111.481	0.0	0.0
111.512	0.0	0.0
111.543	0.0	0.0
111.574	0.0	0.0
111.606	0.0	0.0
111.637	0.0	0.0
111.669	0.0	0.0
111.7	0.0	0.0
111.732	0.0	0.0
111.763	0.0	0.0
111.794	0.0	0.0
111.825	0.0	0.0
111.857	0.0	0.0
111.888	0.0	0.0
111.919	0.0	0.0
111.95	0.0	0.0
111.982	0.0	0.0
112.013	0.0	0.0
112.044	0.0	0.0
112.075	0.0	0.0
112.107	0.0	0.0
112.138	0.0	0.0
112.169	0.0	0.0
112.2	0.0	0.0
112.232	0.0	0.0
