 frec(GHz) Temperatura[mK] cont_sinlineas
      71.7195       0.000000        0.000000
      71.7508       0.000000        0.000000
      71.7820       0.000000        0.000000
      71.8133       0.000000        0.000000
      71.8445       0.000000        0.000000
      71.8758       0.000000        0.000000
      71.9070       0.000000        0.000000
      71.9383       0.000000        0.000000
      71.9695       0.000000        0.000000
      72.0008       0.000000        0.000000
      72.0320       0.000000        0.000000
      72.0633       0.000000        0.000000
      72.0945       0.000000        0.000000
      72.1258       0.000000        0.000000
      72.1570       0.000000        0.000000
      72.1883       0.000000        0.000000
      72.2195       0.000000        0.000000
      72.2508       0.000000        0.000000
      72.2820       0.000000        0.000000
      72.3133       0.000000        0.000000
      72.3445       0.000000        0.000000
      72.3758       0.000000        0.000000
      72.4070       0.000000        0.000000
      72.4383       0.000000        0.000000
      72.4695       0.000000        0.000000
      72.5008       0.000000        0.000000
      72.5320       0.000000        0.000000
      72.5633       0.000000        0.000000
      72.5945       0.000000        0.000000
      72.6258       0.000000        0.000000
      72.6570       0.000000        0.000000
      72.6883       0.000000        0.000000
      72.7195       0.000000        0.000000
      72.7508       0.000000        0.000000
      72.7820       0.000000        0.000000
      72.8133       0.000000        0.000000
      72.8445       0.000000        0.000000
      72.8758       0.000000        0.000000
      72.9070      -0.180977       -0.180977
      72.9383    -0.00789667     -0.00789667
      72.9695       0.367054        0.367054
      73.0008       0.547741        0.547741
      73.0320      -0.947666       -0.947666
      73.0633    -0.00562787     -0.00562787
      73.0945       0.601813        0.601813
      73.1258       -1.08915        -1.08915
      73.1570       0.333268        0.333268
      73.1883        1.42149         1.42149
      73.2195      -0.945905       -0.945905
      73.2508      -0.606131       -0.606131
      73.2820      -0.460929       -0.460929
      73.3133        1.77565         1.77565
      73.3445      0.0983787       0.0983787
      73.3758       -1.02094        -1.02094
      73.4070      -0.612801       -0.612801
      73.4383       0.343877        0.343877
      73.4695       0.449116        0.449116
      73.5008       0.204260        0.204260
      73.5320      0.0242567       0.0242567
      73.5633       0.465453       -0.150675
      73.5945        2.37314      -0.0282918
      73.6258      -0.325343       -0.325343
      73.6570       0.460582        0.460582
      73.6883      -0.986288       -0.986288
      73.7195       0.817924        0.817924
      73.7508       0.158371        0.158371
      73.7820      -0.423882       -0.423882
      73.8133       0.695280        0.695280
      73.8445      -0.374685       -0.374685
      73.8758      -0.883596       -0.883596
      73.9070       0.989005        0.989005
      73.9383     -0.0978503      -0.0978503
      73.9695      -0.139034       -0.139034
      74.0008      -0.386000       -0.386000
      74.0320       0.851835        0.851835
      74.0633      -0.369564       -0.369564
      74.0945      -0.175771       -0.175771
      74.1258      -0.721614       0.0638441
      74.1570        1.06080        0.116451
      74.1883      -0.166683       -0.166683
      74.2195      -0.379632       -0.379632
      74.2508       0.617425        0.617425
      74.2820      0.0335133       0.0335133
      74.3133      -0.241676       -0.241676
      74.3445      -0.175428       -0.175428
      74.3758       0.233877        0.233877
      74.4070       0.450511        0.450511
      74.4383      -0.487444       -0.487444
      74.4695        1.19468       -0.180335
      74.5008        1.88974       0.0250199
      74.5320       0.335257       0.0639136
      74.5633       0.114920        0.114920
      74.5945      0.0507383       0.0507383
      74.6258       0.241983        0.241983
      74.6570      -0.429862       -0.429862
      74.6883       0.249021        0.249021
      74.7195      -0.762785       -0.762785
      74.7508        1.41297         1.41297
      74.7820      -0.616149       -0.616149
      74.8133      -0.153115       -0.153115
      74.8445       -1.17949        -1.17949
      74.8758        1.03151         1.03151
      74.9070       0.921669        0.921669
      74.9383     -0.0848328      -0.0848328
      74.9695      -0.852656       -0.852656
      75.0008      -0.376866       -0.376866
      75.0320       0.308655        0.308655
      75.0633       0.448299        0.448299
      75.0945      0.0694923       0.0694923
      75.1258     -0.0780394      -0.0780394
      75.1570      -0.872954       -0.872954
      75.1883       0.278304        0.278304
      75.2195       0.987125        0.987125
      75.2508      -0.346277       -0.346277
      75.2820      -0.402387       -0.402387
      75.3133      -0.201787       -0.201787
      75.3445       0.529226        0.529226
      75.3758     0.00275058      0.00275058
      75.4070      -0.630613       -0.630613
      75.4383       0.709787        0.709787
      75.4695       0.933471        0.933471
      75.5008       -1.51886        -1.51886
      75.5320      -0.731624       -0.731624
      75.5633       0.529968        0.529968
      75.5945       0.886911        0.886911
      75.6258       0.148363        0.148363
      75.6570      -0.789153       -0.789153
      75.6883       0.405484        0.405484
      75.7195       0.200327        0.200327
      75.7508      0.0775229       0.0775229
      75.7820      -0.710045       -0.710045
      75.8133      -0.304073       -0.304073
      75.8445       0.570438        0.570438
      75.8758        1.32940        0.333845
      75.9070        1.20798       -0.138364
      75.9383       -1.63499       -0.238910
      75.9695      -0.330515       -0.330515
      76.0008       0.716904        0.716904
      76.0320      -0.378019       -0.378019
      76.0633       0.383086        0.383086
      76.0945      -0.357889       -0.357889
      76.1258      -0.382144       -0.382144
      76.1570       0.387758        0.387758
      76.1883       0.638686        0.638686
      76.2195      -0.588712       -0.588712
      76.2508      -0.916184       -0.916184
      76.2820        1.32026         1.32026
      76.3133       0.172536        0.172536
      76.3445      -0.595829       -0.595829
      76.3758       0.355189       -0.225456
      76.4070        1.56517       0.0737598
      76.4383        1.71704        0.100562
      76.4695      0.0464975       0.0464975
      76.5008       0.382024        0.382024
      76.5320      -0.842722       -0.842722
      76.5633       0.407849        0.407849
      76.5945       0.348889        0.348889
      76.6258       0.213623        0.213623
      76.6570      -0.815621       -0.815621
      76.6883       0.224360        0.224360
      76.7195      -0.180261       -0.180261
      76.7508       0.176762        0.176762
      76.7820       0.541463        0.541463
      76.8133      -0.129536       -0.129536
      76.8445       -1.10851        -1.10851
      76.8758       0.769107        0.769107
      76.9070       0.590387        0.590387
      76.9383      -0.539016       -0.539016
      76.9695      -0.334716       -0.334716
      77.0008       0.906295        0.906295
      77.0320      -0.470462       -0.470462
      77.0633      -0.778935       -0.778935
      77.0945       0.174730        0.174730
      77.1258       0.770240        0.770240
      77.1570      -0.239035       -0.239035
      77.1883       0.143452        0.143452
      77.2195       0.275774        0.275774
      77.2508      -0.744928       -0.744928
      77.2820      -0.190325       -0.190325
      77.3133       0.302929        0.302929
      77.3445        1.01605         1.01605
      77.3758      -0.881372       -0.881372
      77.4070      -0.579454       -0.579454
      77.4383       0.492623        0.492623
      77.4695       0.953808        0.953808
      77.5008      -0.510276       -0.510276
      77.5320       -1.32253        -1.32253
      77.5633       0.562786        0.562786
      77.5945       0.615658        0.615658
      77.6258       0.328848        0.328848
      77.6570      -0.346351       -0.346351
      77.6883      -0.303132       -0.303132
      77.7195      -0.108085       -0.108085
      77.7508       0.147745        0.147745
      77.7820       0.249166        0.249166
      77.8133      -0.176150       -0.176150
      77.8445       0.147466        0.147466
      77.8758     -0.0540941      -0.0540941
      77.9070     -0.0957257      -0.0957257
      77.9383      -0.997822      -0.0338571
      77.9695       0.525003        0.112612
      78.0008      -0.889046       0.0219666
      78.0320      -0.795120       -0.134753
      78.0633      -0.287442       -0.287442
      78.0945       0.376052        0.376052
      78.1258       0.570819        0.112149
      78.1570       0.855718      -0.0225250
      78.1883       0.245630       -0.229880
      78.2195    -0.00611541      -0.0313919
      78.2508       0.127947        0.127947
      78.2820       0.624034        0.624034
      78.3133      -0.711202       -0.711202
      78.3445       0.111433        0.111433
      78.3758       0.103582        0.103582
      78.4070      -0.258436       -0.258436
      78.4383     -0.0218576      -0.0218576
      78.4695      -0.233770       -0.233770
      78.5008       0.289866        0.289866
      78.5320       0.305907        0.305907
      78.5633       0.238150        0.238150
      78.5945      -0.174249       -0.174249
      78.6258      -0.986938       -0.986938
      78.6570       0.753012        0.753012
      78.6883       0.477065        0.477065
      78.7195      -0.452408       -0.452408
      78.7508      -0.329482       -0.329482
      78.7820     -0.0471871      -0.0471871
      78.8133       0.387677        0.387677
      78.8445       0.171231        0.171231
      78.8758      -0.173352       -0.173352
      78.9070      0.0578685       0.0578685
      78.9383      -0.267502       -0.267502
      78.9695       0.110250        0.110250
      79.0008      0.0324301       0.0324301
      79.0320     -0.0649468      -0.0649468
      79.0633      -0.150099       -0.150099
      79.0945       0.557093        0.557093
      79.1258      0.0123201       0.0123201
      79.1570      -0.143098       -0.143098
      79.1883      -0.796186       -0.796186
      79.2195       0.550273        0.550273
      79.2508      -0.103292       -0.103292
      79.2820       0.313324        0.313324
      79.3133      0.0485659       0.0485659
      79.3445       0.126444        0.126444
      79.3758      -0.873896       -0.873896
      79.4070     -0.0627285      -0.0627285
      79.4383       0.976316        0.976316
      79.4695       0.232334        0.232334
      79.5008      -0.887446       -0.887446
      79.5320      0.0945117       0.0945117
      79.5633       0.364090        0.364090
      79.5945     -0.0243141      -0.0243141
      79.6258      -0.348476       -0.348476
      79.6570     -0.0761114      -0.0761114
      79.6883       0.246119        0.246119
      79.7195       0.205656        0.205656
      79.7508     -0.0233459      -0.0233459
      79.7820      -0.153367       -0.153367
      79.8133     -0.0826691      -0.0826691
      79.8445       0.374219       0.0233007
      79.8758       0.680732       0.0357044
      79.9070       0.943597      0.00876138
      79.9383       0.740518     -0.00683644
      79.9695       0.529487      0.00848687
      80.0008      0.0457157       0.0457157
      80.0320     0.00622070      0.00622070
      80.0633     -0.0940294      -0.0940294
      80.0945     -0.0887359      -0.0887359
      80.1258      0.0884393       0.0884393
      80.1570       0.130345        0.130345
      80.1883     0.00120610      0.00120610
      80.2195      0.0246890       0.0246890
      80.2508      -0.143328       -0.143328
      80.2820      0.0671000       0.0671000
      80.3133      -0.295796       -0.295796
      80.3445      0.0940941       0.0940941
      80.3758       0.262026        0.262026
      80.4070      -0.226367        0.150349
      80.4383      -0.594573       -0.217183
      80.4695       0.340838      -0.0810633
      80.5008       0.821821       0.0181631
      80.5320       0.296289       0.0431691
      80.5633      0.0501162       0.0315981
      80.5945      0.0193029       0.0193029
      80.6258     -0.0812094      -0.0812094
      80.6570      -0.149443       -0.149443
      80.6883      0.0548218       0.0548218
      80.7195       0.261113        0.261113
      80.7508      0.0769230       0.0769230
      80.7820      -0.241316       -0.241316
      80.8133      -0.125823       -0.125823
      80.8445      0.0976783       0.0976783
      80.8758     -0.0892361      -0.0892361
      80.9070       0.221729        0.221729
      80.9383       0.189582        0.189582
      80.9695      -0.223900       -0.223900
      81.0008      -0.250925       -0.250925
      81.0320      0.0482505       0.0482505
      81.0633      0.0627795       0.0627795
      81.0945       0.186983        0.186983
      81.1258     0.00641766      0.00641766
      81.1570     -0.0443847      -0.0443847
      81.1883     -0.0444340      -0.0444340
      81.2195      -0.101970       -0.101970
      81.2508      0.0266863       0.0266863
      81.2820       0.160968        0.160968
      81.3133    -0.00877890     -0.00877890
      81.3445      -0.133271       -0.133271
      81.3758      -0.126677       -0.126677
      81.4070       0.166766        0.166766
      81.4383       0.390096       0.0545905
      81.4695       0.398357      -0.0190285
      81.5008       0.333447      -0.0430318
      81.5320       0.222258       0.0321183
      81.5633       0.189672       0.0257664
      81.5945     -0.0227513      -0.0227513
      81.6258      -0.131966       -0.131966
      81.6570       0.157359        0.157359
      81.6883     0.00985754      0.00985754
      81.7195      -0.229629       -0.229629
      81.7508      0.0984041       0.0984041
      81.7820       0.125082        0.125082
      81.8133      -0.189241      0.00820747
      81.8445        1.85804      -0.0513431
      81.8758        3.54929      0.00259626
      81.9070       0.852429       0.0168846
      81.9383     -0.0906980     -0.00823039
      81.9695     -0.0662100      -0.0662100
      82.0008      0.0139234       0.0139234
      82.0320       0.342451       0.0226126
      82.0633        1.00561       0.0113991
      82.0945       0.929876     -0.00458884
      82.1258   -0.000611305     -0.00434899
      82.1570     -0.0100772      0.00125229
      82.1883      0.0729101      -0.0122004
      82.2195        1.07290      0.00950816
      82.2508       0.777947       0.0533611
      82.2820      0.0389738       0.0389738
      82.3133      -0.154746       -0.154746
      82.3445     -0.0732842      -0.0732842
      82.3758       0.162444        0.162444
      82.4070      0.0143025       0.0143025
      82.4383     -0.0580223      -0.0580223
      82.4695      0.0347287       0.0347287
      82.5008       0.109488        0.109488
      82.5320     -0.0455002      -0.0455002
      82.5633      -0.408636       -0.408636
      82.5945       0.258559        0.258559
      82.6258       0.324855        0.324855
      82.6570      -0.188553       -0.188553
      82.6883      -0.111040       -0.111040
      82.7195      0.0144042       0.0132062
      82.7508       0.384482       0.0410387
      82.7820       0.685828       0.0216937
      82.8133       0.193484       0.0258701
      82.8445      -0.184554      -0.0609531
      82.8758      -0.143703       -0.143703
      82.9070       0.120632        0.120632
      82.9383       0.229254        0.229254
      82.9695      -0.163077       -0.163077
      83.0008      -0.239662       -0.239662
      83.0320       0.127971        0.127971
      83.0633       0.294654        0.294654
      83.0945     -0.0940007      -0.0940007
      83.1258      -0.419670       -0.419670
      83.1570       0.131740        0.131740
      83.1883       0.336249        0.336249
      83.2195      0.0211973       0.0211973
      83.2508      -0.153742       -0.153742
      83.2820      -0.164566       -0.164566
      83.3133      0.0756813       0.0756813
      83.3445     -0.0887798       0.0512245
      83.3758       0.202035       0.0112136
      83.4070       0.325355     -0.00797241
      83.4383     -0.0156164     -0.00839966
      83.4695     -0.0955304      -0.0598191
      83.5008     -0.0303334      -0.0303334
      83.5320       0.137155        0.137155
      83.5633       0.155059        0.155059
      83.5945      -0.192051       -0.192051
      83.6258      -0.129172      -0.0725013
      83.6570      0.0901766       0.0215310
      83.6883      0.0805386       0.0502009
      83.7195       0.190552       0.0101970
      83.7508       0.216073     -0.00591940
      83.7820     -0.0499288      -0.0499288
      83.8133    -0.00366879     -0.00366879
      83.8445      0.0715512       0.0715512
      83.8758      0.0903466       0.0903466
      83.9070      -0.106115       -0.106115
      83.9383      -0.192314       -0.192314
      83.9695      0.0280240       0.0280240
      84.0008       0.279561        0.279561
      84.0320     0.00246250      0.00246250
      84.0633      -0.157704       -0.157704
      84.0945      0.0187582       0.0187582
      84.1258     -0.0501740      -0.0501740
      84.1570      0.0441341       0.0441341
      84.1883      0.0502756       0.0502756
      84.2195      0.0454144       0.0454144
      84.2508      -0.147525       -0.147525
      84.2820    -0.00292984     -0.00292984
      84.3133       0.160327        0.160327
      84.3445      -0.103011       -0.103011
      84.3758     -0.0204045      -0.0204045
      84.4070      0.0224349       0.0224349
      84.4383       0.205726       0.0238208
      84.4695       0.708276      -0.0118694
      84.5008        1.45054     -0.00342852
      84.5320        1.13602    2.14577e-006
      84.5633      -0.136625    5.48363e-006
      84.5945     -0.0334766   -6.61612e-006
      84.6258       0.499036      -0.0184691
      84.6570       0.332570     -0.00596440
      84.6883       0.206925       0.0493118
      84.7195      0.0853561       0.0853561
      84.7508      -0.111927       -0.111927
      84.7820      -0.106215       -0.106215
      84.8133       0.105486        0.105486
      84.8445      0.0780025       0.0780025
      84.8758     -0.0788176      -0.0788176
      84.9070       0.216405      -0.0313282
      84.9383       0.757310      0.00830054
      84.9695       0.729627       0.0459749
      85.0008       0.333287       0.0669369
      85.0320     -0.0266808      -0.0266808
      85.0633      -0.274200       -0.274200
      85.0945    -0.00466907     -0.00466907
      85.1258       0.400430        0.400430
      85.1570      0.0365174       0.0365174
      85.1883      -0.367150       -0.367150
      85.2195      0.0936638       0.0936638
      85.2508      -0.240736       0.0909533
      85.2820     -0.0153904      0.00909995
      85.3133        2.20533      -0.0446072
      85.3445        2.29244   -4.95836e-006
      85.3758      -0.269242    3.50922e-006
      85.4070       0.300520      0.00437268
      85.4383        1.20078      -0.0432060
      85.4695       0.935263      -0.0377207
      85.5008      0.0543933       0.0543933
      85.5320       0.238329        0.238329
      85.5633      -0.111922       -0.111922
      85.5945      -0.177004       -0.177004
      85.6258       0.171523      -0.0159431
      85.6570        1.42517       0.0768831
      85.6883       0.557572     -0.00877863
      85.7195      0.0398864      -0.0172459
      85.7508     0.00862211      0.00862211
      85.7820       0.176066        0.176066
      85.8133      -0.214642       -0.214642
      85.8445     -0.0779773      -0.0779773
      85.8758       0.115372        0.115372
      85.9070       0.134822        0.134822
      85.9383       0.330354        0.330354
      85.9695      -0.641458       -0.641458
      86.0008      0.0707951       0.0707951
      86.0320     -0.0279438      -0.0279438
      86.0633       0.170494        0.170494
      86.0945       0.106128        0.106128
      86.1258      -0.210517       -0.210517
      86.1570       0.326469        0.326469
      86.1883      -0.231903       -0.231903
      86.2195      -0.168503       -0.168503
      86.2508       0.133280        0.133280
      86.2820     -0.0136776        0.222623
      86.3133        2.69068      -0.0426354
      86.3445        1.32434       -0.187991
      86.3758      -0.434878       -0.434878
      86.4070       0.713863        0.713863
      86.4383      -0.219044       -0.219044
      86.4695       0.170688        0.170688
      86.5008      -0.472871       -0.472871
      86.5320       0.404822        0.404822
      86.5633      -0.119889       -0.119889
      86.5945       0.163096        0.163096
      86.6258      -0.189506       -0.189506
      86.6570        1.00643      -0.0118027
      86.6883     -0.0528757      0.00264686
      86.7195        1.62221       0.0392543
      86.7508        1.98705   -3.09944e-006
      86.7820       0.333424    2.50340e-006
      86.8133        1.94416      -0.0242273
      86.8445        1.63366       0.0229803
      86.8758       -1.06186     -0.00836730
      86.9070       0.100755        0.100755
      86.9383      -0.159945       -0.159945
      86.9695       0.196369        0.196369
      87.0008      -0.498021       -0.498021
      87.0320       0.460525        0.460525
      87.0633       0.141697        0.141697
      87.0945       0.207542        0.207542
      87.1258      -0.987939       -0.987939
      87.1570       0.395962        0.395962
      87.1883      -0.762599        0.221764
      87.2195       0.310085       0.0576065
      87.2508      -0.901079       -0.126700
      87.2820        7.32179   -6.31809e-006
      87.3133        11.4648   -1.19209e-007
      87.3445        1.02894    5.36442e-006
      87.3758        5.23468   -3.57628e-006
      87.4070        3.66694       0.0183266
      87.4383       0.969026      0.00431502
      87.4695       0.772058       0.0871195
      87.5008      -0.140720       -0.140720
      87.5320     -0.0643764      -0.0643764
      87.5633      -0.318990       -0.318990
      87.5945       0.834001        0.834001
      87.6258      -0.412585       -0.412585
      87.6570       0.204384        0.204384
      87.6883      -0.448860       -0.448860
      87.7195      0.0828149       0.0828149
      87.7508       0.248126        0.248126
      87.7820     0.00954235      0.00954235
      87.8133      -0.201082       -0.201082
      87.8445      0.0782588       0.0782588
      87.8758       0.854476       0.0559890
      87.9070        7.42695       0.0701612
      87.9383        1.12910       -0.106394
      87.9695       0.269083      -0.0753878
      88.0008      -0.246356       -0.246356
      88.0320       0.721796        0.721796
      88.0633      -0.528951       -0.528951
      88.0945       0.535578        0.535578
      88.1258      -0.850446       -0.850446
      88.1570       0.780494        0.780494
      88.1883      -0.941404       -0.941404
      88.2195        1.15836         1.15836
      88.2508       -1.22601        -1.22601
      88.2820        1.30800         1.30800
      88.3133       -1.16586        -1.16586
      88.3445        1.68934         1.68934
      88.3758       -2.26076        -2.26076
      88.4070        1.52582         1.52582
      88.4383       -1.95921        -1.95921
      88.4695        3.55399         3.55399
      88.5008       -1.75640        -1.75640
      88.5320        5.86711       -0.583686
      88.5633       -5.45867       -0.220704
      88.5945        37.0344        0.541776
      88.6258        52.3072   -3.40939e-005
      88.6570        1.63307       -0.268574
      88.6883        2.94664       0.0553240
      88.7195       -2.27396        0.233920
      88.7508       0.807713        0.807713
      88.7820       -1.46504        -1.46504
      88.8133        1.02057         1.02057
      88.8445      -0.373580       -0.373580
      88.8758       0.257974        0.257974
      88.9070      -0.400063       -0.400063
      88.9383      -0.486855       -0.486855
      88.9695       0.642665        0.642665
      89.0008      -0.684684       -0.684684
      89.0320        1.97082         1.97082
      89.0633       -1.08763        -1.08763
      89.0945        4.35646       -0.436115
      89.1258       -2.19773       -0.111586
      89.1570        39.5913        0.325152
      89.1883        37.3879        0.417587
      89.2195       0.463917       -0.212906
      89.2508        5.26837       -0.447213
      89.2820       -1.35985        -1.35985
      89.3133        2.64082         2.64082
      89.3445       -1.55204        -1.55204
      89.3758        1.75060         1.75060
      89.4070       -1.23675        -1.23675
      89.4383        2.13003       -0.199401
      89.4695       0.307203       -0.358941
      89.5008        2.15633        0.345843
      89.5320       -1.14418        0.169937
      89.5633       0.829001        0.829001
      89.5945       -1.05134        -1.05134
      89.6258       0.606976        0.606976
      89.6570       -1.02745        -1.02745
      89.6883       0.955749        0.955749
      89.7195      -0.645284       -0.645284
      89.7508        1.11670         1.11670
      89.7820       -1.22398        -1.22398
      89.8133       0.872012        0.872012
      89.8445      -0.779966       -0.779966
      89.8758       0.980809        0.980809
      89.9070       -1.32263        -1.32263
      89.9383        1.04682         1.04682
      89.9695      -0.713834       -0.713834
      90.0008        1.10304         1.10304
      90.0320       -1.30105        -1.30105
      90.0633       0.973185        0.973185
      90.0945      -0.750753       -0.750753
      90.1258        1.17574         1.17574
      90.1570       -1.51784        -1.51784
      90.1883       0.831776        0.831776
      90.2195      -0.541690       -0.541690
      90.2508        1.35530         1.35530
      90.2820       -1.62846        -1.62846
      90.3133        1.17665         1.17665
      90.3445       -1.06704        -1.06704
      90.3758        1.43183         1.43183
      90.4070       -1.44592        -1.44592
      90.4383       0.852839        0.852839
      90.4695       -1.29684        -1.29684
      90.5008        2.26489         2.26489
      90.5320       -1.01961        -1.01961
      90.5633        3.33164       -0.365812
      90.5945       -3.11518       -0.155936
      90.6258        16.4567        0.324410
      90.6570        25.2265    1.21593e-005
      90.6883       0.749915       -0.121980
      90.7195        1.19956     -0.00219095
      90.7508      -0.745444        0.161823
      90.7820       0.400484        0.400484
      90.8133      -0.638373       -0.638373
      90.8445       0.128178        0.128178
      90.8758      0.0685796       0.0685796
      90.9070      -0.560311       0.0582808
      90.9383        1.57164      -0.0636294
      90.9695        3.40385       0.0289906
      91.0008       0.401804       0.0114228
      91.0320       0.512153      -0.0657299
      91.0633     -0.0710843      -0.0710843
      91.0945       0.129777        0.129777
      91.1258       0.145842        0.145842
      91.1570      -0.303471       -0.303471
      91.1883     0.00188923      0.00188923
      91.2195       0.222452        0.222452
      91.2508       0.193592        0.193592
      91.2820      -0.185543       -0.185543
      91.3133      -0.693686       -0.693686
      91.3445       0.596838        0.596838
      91.3758       0.443474        0.443474
      91.4070      -0.320360       -0.320360
      91.4383      -0.387420       -0.387420
      91.4695     -0.0909013      -0.0909013
      91.5008       0.639055        0.639055
      91.5320      -0.202804       -0.202804
      91.5633      -0.179727       -0.179727
      91.5945       0.199106        0.199106
      91.6258      -0.143195       -0.143195
      91.6570     -0.0483012      -0.0483012
      91.6883       0.306441        0.306441
      91.7195      -0.326125       -0.326125
      91.7508       0.109879        0.109879
      91.7820      -0.110705       -0.110705
      91.8133       0.175045        0.175045
      91.8445     -0.0553793      -0.0553793
      91.8758       0.374983     -0.00601017
      91.9070       0.162954      -0.0191908
      91.9383        1.14212       0.0146440
      91.9695        2.14843   -1.15633e-005
      92.0008        1.11639       0.0416796
      92.0320       0.603947      0.00233698
      92.0633      -0.196333      -0.0716122
      92.0945      -0.190009       -0.190009
      92.1258       0.212901        0.212901
      92.1570      0.0677962       0.0677962
      92.1883      0.0798609       0.0798609
      92.2195      -0.173004       -0.173004
      92.2508      0.0432309       0.0432309
      92.2820     -0.0239582      -0.0239582
      92.3133       0.333565      0.00785583
      92.3445       0.440982     -0.00511271
      92.3758       0.496996       0.0101176
      92.4070    -0.00416857     -0.00416857
      92.4383      0.0447403    -0.000184774
      92.4695       0.567029      0.00497454
      92.5008       0.658202       0.0113450
      92.5320      -0.152155      -0.0475589
      92.5633     -0.0448989      -0.0448989
      92.5945      0.0628387       0.0628387
      92.6258       0.224550        0.224550
      92.6570      -0.202536       -0.202536
      92.6883      -0.122172       -0.122172
      92.7195       0.114928        0.114928
      92.7508      0.0249395       0.0249395
      92.7820     -0.0641761      -0.0641761
      92.8133       0.100141        0.100141
      92.8445    -0.00371885     -0.00371885
      92.8758      -0.105377       -0.105377
      92.9070     0.00179279      0.00179279
      92.9383      0.0203232       0.0203232
      92.9695      0.0637414       0.0637414
      93.0008     -0.0733641      -0.0733641
      93.0320     -0.0138162      -0.0138162
      93.0633      0.0749992       0.0749992
      93.0945       0.162432       0.0163634
      93.1258        2.43390      -0.0235407
      93.1570        8.17553      -0.0175120
      93.1883        3.30906       0.0497674
      93.2195      -0.366893      -0.0326428
      93.2508       0.614555      -0.0272778
      93.2820      -0.119816       -0.119816
      93.3133       0.321698        0.321698
      93.3445      -0.371579       -0.371579
      93.3758       0.223601        0.223601
      93.4070     -0.0936984      -0.0936984
      93.4383      0.0658356       0.0658356
      93.4695     -0.0847738      -0.0847738
      93.5008       0.299486        0.299486
      93.5320      -0.218141       -0.218141
      93.5633       0.829215      -0.0759037
      93.5945       0.915594       0.0219584
      93.6258       0.772478       0.0909235
      93.6570      -0.205525      -0.0495350
      93.6883      -0.128928       -0.128928
      93.7195     -0.0264097      -0.0264097
      93.7508       0.277531        0.277531
      93.7820     -0.0214597      -0.0214597
      93.8133      0.0304191       0.0304191
      93.8445      -0.239338       -0.239338
      93.8758      0.0991006       0.0991006
      93.9070     -0.0413123      -0.0413123
      93.9383       0.123131        0.123131
      93.9695      -0.118423       -0.118423
      94.0008      0.0196768       0.0196768
      94.0320      0.0310648       0.0310648
      94.0633      0.0536833       0.0536833
      94.0945      -0.200658       -0.200658
      94.1258       0.301157        0.301157
      94.1570      -0.137968       -0.137968
      94.1883     -0.0360123      -0.0360123
      94.2195      -0.131300       -0.131300
      94.2508       0.225080        0.225080
      94.2820     -0.0266838      -0.0266838
      94.3133     -0.0467522      -0.0467522
      94.3445      -0.172500       -0.172500
      94.3758       0.235971        0.235971
      94.4070     -0.0104386      -0.0104386
      94.4383     -0.0469738      -0.0469738
      94.4695     0.00994244      0.00994244
      94.5008      0.0430885       0.0430885
      94.5320      -0.165569       -0.165569
      94.5633     0.00615747      0.00615747
      94.5945       0.136196        0.136196
      94.6258       0.113863        0.113863
      94.6570      -0.221487       -0.221487
      94.6883     -0.0226137      -0.0226137
      94.7195     -0.0362391      -0.0362391
      94.7508       0.262713        0.262713
      94.7820      -0.110765       -0.110765
      94.8133      0.0115257       0.0115257
      94.8445      0.0281729       0.0281729
      94.8758     -0.0594178      -0.0594178
      94.9070     -0.0516993      -0.0516993
      94.9383     -0.0412361      -0.0412361
      94.9695       0.123091        0.123091
      95.0008     -0.0780106      -0.0780106
      95.0320      0.0591354       0.0591354
      95.0633      0.0203658       0.0203658
      95.0945      -0.101563       -0.101563
      95.1258      0.0428038       0.0428038
      95.1570      0.0841647       0.0841647
      95.1883     -0.0752710      -0.0752710
      95.2195      0.0381175       0.0381175
      95.2508     -0.0500588      -0.0500588
      95.2820     -0.0373652      -0.0373652
      95.3133       0.140713        0.140713
      95.3445     -0.0161345      -0.0161345
      95.3758      -0.129422       -0.129422
      95.4070     0.00758813      0.00758813
      95.4383      0.0561983       0.0561983
      95.4695      0.0309386       0.0309386
      95.5008      0.0279100       0.0279100
      95.5320     -0.0839814      -0.0839814
      95.5633      0.0203277       0.0203277
      95.5945      0.0171924       0.0171924
      95.6258    -0.00505777     -0.00505777
      95.6570      -0.108886       -0.108886
      95.6883       0.165880        0.165880
      95.7195     -0.0580025      -0.0580025
      95.7508     -0.0349837      -0.0349837
      95.7820      0.0759531       0.0759531
      95.8133     0.00658862      0.00658862
      95.8445     -0.0635025      -0.0635025
      95.8758      -0.135945       -0.135945
      95.9070       0.174543        0.174543
      95.9383     -0.0422485      -0.0422485
      95.9695      0.0728768       0.0728768
      96.0008      0.0918364       0.0918364
      96.0320      -0.172059       -0.172059
      96.0633      -0.135066       -0.135066
      96.0945       0.151626        0.151626
      96.1258      0.0682861       0.0682861
      96.1570     -0.0184980      -0.0184980
      96.1883     -0.0130488      -0.0130488
      96.2195     -0.0459533      -0.0459533
      96.2508      -0.107576       -0.107576
      96.2820       0.114699        0.114699
      96.3133      0.0449818       0.0449818
      96.3445      0.0165719     -0.00965533
      96.3758       0.297661      -0.0276491
      96.4070       0.816227      -0.0128963
      96.4383      -0.330109      -0.0381358
      96.4695      -0.181815       0.0382734
      96.5008       0.101362        0.101362
      96.5320      0.0599016       0.0599016
      96.5633      -0.257002       -0.257002
      96.5945      0.0874290       0.0874290
      96.6258     -0.0789776      -0.0789776
      96.6570       0.115301        0.115301
      96.6883        1.42269       0.0110096
      96.7195        5.88510     0.000589006
      96.7508        3.18460      0.00180967
      96.7820      -0.369862     -0.00992634
      96.8133       0.674565      -0.0178171
      96.8445      -0.114272       -0.114272
      96.8758       0.144030        0.144030
      96.9070      -0.123382       -0.123382
      96.9383       0.240801        0.240801
      96.9695      -0.142300       -0.142300
      97.0008      0.0417398       0.0417398
      97.0320     -0.0864643      -0.0864643
      97.0633      0.0728137       0.0728137
      97.0945      -0.122368       -0.122368
      97.1258      0.0689156       0.0689156
      97.1570      0.0604656       0.0604656
      97.1883      0.0201692       0.0201692
      97.2195      -0.186739       -0.186739
      97.2508      0.0761829       0.0761829
      97.2820       0.112785        0.112785
      97.3133      0.0973161       0.0973161
      97.3445      -0.193135       -0.193135
      97.3758     -0.0115156      -0.0115156
      97.4070     -0.0886719      -0.0886719
      97.4383       0.239799        0.239799
      97.4695     -0.0193769      -0.0193769
      97.5008      -0.194594       -0.194594
      97.5320     -0.0657441      -0.0657441
      97.5633       0.304159        0.304159
      97.5945     0.00210945      0.00210945
      97.6258      -0.146176       -0.146176
      97.6570     -0.0265783      -0.0265783
      97.6883     -0.0409724      -0.0409724
      97.7195      0.0108597       0.0108597
      97.7508      0.0807803       0.0807803
      97.7820      0.0651259       0.0651259
      97.8133      0.0228434       0.0228434
      97.8445      -0.112418       -0.112418
      97.8758      -0.136291      -0.0254895
      97.9070      0.0724601       0.0167867
      97.9383        3.86173       0.0215205
      97.9695        8.93483    2.02656e-006
      98.0008        2.30395       0.0696569
      98.0320      -0.780784      0.00267476
      98.0633       0.496407      -0.0558214
      98.0945      -0.303722       -0.303722
      98.1258       0.300705        0.300705
      98.1570      -0.110436       -0.110436
      98.1883       0.415210        0.415210
      98.2195      -0.411882       -0.411882
      98.2508       0.177239        0.177239
      98.2820      -0.146757       -0.146757
      98.3133      0.0558217       0.0558217
      98.3445      -0.344595       -0.344595
      98.3758       0.539247        0.539247
      98.4070      -0.157137       -0.157137
      98.4383       0.154570        0.154570
      98.4695     -0.0547481      -0.0547481
      98.5008      -0.182602       -0.182602
      98.5320       0.682608      -0.0555116
      98.5633       0.592598       0.0625753
      98.5945     -0.0720330       0.0455083
      98.6258      -0.121449     -0.00561291
      98.6570       0.546160      -0.0102258
      98.6883      0.0811127      0.00595278
      98.7195      0.0592661       0.0592661
      98.7508      0.0239028       0.0239028
      98.7820     -0.0441220      -0.0441220
      98.8133      -0.131012       -0.131012
      98.8445      0.0170491       0.0170491
      98.8758     -0.0378652      -0.0378652
      98.9070       0.253121        0.253121
      98.9383     -0.0615308      -0.0615308
      98.9695      -0.173937      0.00322765
      99.0008       0.476633      -0.0475510
      99.0320       0.357139       -0.106585
      99.0633      -0.117234       -0.117234
      99.0945       0.390219        0.390219
      99.1258      -0.109447       -0.109447
      99.1570      -0.420097       -0.420097
      99.1883       0.552528        0.552528
      99.2195      -0.110839       -0.110839
      99.2508        1.38619       -0.110499
      99.2820        3.96288      -0.0284887
      99.3133        1.29651       0.0782121
      99.3445     -0.0103784      -0.0166010
      99.3758      -0.177442       -0.177442
      99.4070      0.0949937       0.0949937
      99.4383     -0.0194368      -0.0194368
      99.4695       0.350085        0.350085
      99.5008      -0.272065       -0.272065
      99.5320     -0.0790923      -0.0790923
      99.5633      0.0108990       0.0108990
      99.5945       0.209625        0.209625
      99.6258     -0.0891250      -0.0891250
      99.6570      -0.356700       -0.356700
      99.6883       0.327695        0.327695
      99.7195       0.238291        0.238291
      99.7508      -0.418883       -0.418883
      99.7820      0.0997706       0.0997706
      99.8133      0.0481622       0.0481622
      99.8445       0.115260        0.115260
      99.8758      -0.193934       -0.193934
      99.9070      0.0348036       0.0348036
      99.9383      0.0102953       0.0102953
      99.9695       0.451385        0.451385
      100.001      -0.416775       -0.416775
      100.032        2.38795       -0.133413
      100.063        3.37086      0.00785917
      100.095       0.373615       0.0768265
      100.126      -0.227641      0.00319743
      100.157       0.114804        0.114804
      100.188      0.0187642       0.0187642
      100.220     -0.0523375      -0.0523375
      100.251     -0.0415564      -0.0415564
      100.282      0.0625452       0.0625452
      100.313     -0.0193307      -0.0193307
      100.345      -0.162918       -0.162918
      100.376       0.202445        0.202445
      100.407     -0.0368783      -0.0368783
      100.438      -0.134190       -0.134190
      100.470     -0.0657780      -0.0657780
      100.501       0.226311        0.226311
      100.532      0.0267599       0.0267599
      100.563      0.0742871      -0.0481719
      100.595        1.06194      -0.0413142
      100.626       0.906040       0.0265049
      100.657       0.240786      -0.0267483
      100.688      0.0120226      -0.0117278
      100.720     -0.0171551      -0.0171551
      100.751       0.216686        0.216686
      100.782      -0.301826       -0.301826
      100.813     -0.0223368      -0.0223368
      100.845     -0.0359777      -0.0359777
      100.876       0.275339        0.275339
      100.907     -0.0475012      -0.0475012
      100.938       0.295212        0.295212
      100.970      -0.339305       -0.339305
      101.001      0.0419589       0.0419589
      101.032      -0.183187       -0.183187
      101.063      -0.108417       -0.108417
      101.095     -0.0281271      -0.0281271
      101.126       0.556739        0.556739
      101.157      -0.145220       -0.145220
      101.188      -0.232695       -0.232695
      101.220     0.00705259      0.00705259
      101.251       0.227416        0.227416
      101.282      -0.223152       -0.223152
      101.313       0.140984        0.140984
      101.345     -0.0187097      -0.0187097
      101.376     -0.0541990      -0.0541990
      101.407     -0.0242681      -0.0324052
      101.438       0.652971       0.0314183
      101.470        1.19548      0.00950599
      101.501       0.891693       0.0111034
      101.532       0.690732       0.0128329
      101.563   -0.000993371    -0.000993371
      101.595     -0.0609377      -0.0609377
      101.626      0.0245934       0.0245934
      101.657       0.440198       0.0182565
      101.688       0.850805      0.00502880
      101.720       0.938234      -0.0678645
      101.751       0.179224       0.0265123
      101.782      0.0548762        0.111350
      101.813       0.152379        0.152379
      101.845      -0.443305       -0.443305
      101.876       0.135169        0.135169
      101.907       0.205890        0.205890
      101.938      -0.126249       -0.126249
      101.970     -0.0835404      -0.0835404
      102.001      0.0558790       0.0558790
      102.032      0.0829940       0.0829940
      102.063      -0.126451       -0.126451
      102.095      0.0288059       0.0288059
      102.126       0.201167        0.201167
      102.157      -0.194641       -0.194641
      102.188       0.125302        0.125302
      102.220      -0.168007       -0.168007
      102.251      0.0674735       0.0674735
      102.282       0.205942        0.205942
      102.313      -0.315973       -0.315973
      102.345      -0.288489       -0.288489
      102.376       0.561987        0.561987
      102.407      0.0279970       0.0279970
      102.438      -0.142068       -0.142068
      102.470      -0.346148      -0.0879637
      102.501        1.09328       0.0417685
      102.532        2.21383       0.0408353
      102.563       0.981461       0.0123051
      102.595       0.979282      -0.0207921
      102.626      -0.142620       -0.142620
      102.657      0.0895482       0.0895482
      102.688    -0.00968200     -0.00968200
      102.720       0.151272        0.151272
      102.751      -0.108596       -0.108596
      102.782      -0.123669       -0.123669
      102.813       0.205907        0.205907
      102.845      -0.105411       -0.105411
      102.876     -0.0487618      -0.0487618
      102.907       0.109108        0.109108
      102.938    -0.00445005     -0.00445005
      102.970      -0.123663      -0.0371652
      103.001       0.537750      -0.0132024
      103.032       0.431672      -0.0181805
      103.063      -0.199024      -0.0628392
      103.095     -0.0277252       0.0961986
      103.126       0.284820        0.284820
      103.157     0.00173089      0.00173089
      103.188      -0.612204       -0.612204
      103.220    -0.00911052     -0.00911052
      103.251       0.388607        0.388607
      103.282     -0.0424406      -0.0424406
      103.313      -0.144636       -0.144636
      103.345       0.107405        0.107405
      103.376       0.364787        0.364787
      103.407     0.00812119      0.00812119
      103.438      -0.631286       -0.631286
      103.470       0.108729        0.108729
      103.501       0.244390        0.160399
      103.532       0.840400       0.0637677
      103.563       0.607229      -0.0457498
      103.595        1.05714     -0.00985175
      103.626       0.670939      -0.0424889
      103.657      0.0147821       0.0147821
      103.688       0.172392        0.172392
      103.720      0.0627378       0.0627378
      103.751      -0.293637       -0.293637
      103.782     -0.0970448      -0.0970448
      103.813       0.123254        0.123254
      103.845     -0.0588577      -0.0588577
      103.876      0.0785652       0.0785652
      103.907       0.145825        0.145825
      103.938       0.116259        0.116259
      103.970     -0.0204990      -0.0204990
      104.001     -0.0340473      -0.0340473
      104.032      -0.410907       -0.410907
      104.063      -0.247585       -0.247585
      104.095       0.367682        0.367682
      104.126       0.215186        0.215186
      104.157      0.0766226       0.0766226
      104.188       0.119408        0.119408
      104.220     -0.0952558      -0.0952558
      104.251      -0.274893       -0.274893
      104.282      -0.175252       -0.175252
      104.313       0.133040        0.133040
      104.345       0.301886        0.301886
      104.376      0.0145285       0.0145285
      104.407      -0.238850       -0.238850
      104.438     -0.0913737      -0.0913737
      104.470       0.164378        0.164378
      104.501      -0.251635       -0.251635
      104.532       0.293829        0.293829
      104.563       0.144276        0.144276
      104.595      0.0286880       0.0286880
      104.626      -0.526825       -0.526825
      104.657       0.108206        0.108206
      104.688       0.301123        0.301123
      104.720      0.0116058       0.0116058
      104.751      -0.465452       -0.465452
      104.782       0.536222        0.536222
      104.813      0.0335884       0.0335884
      104.845      -0.138101       -0.138101
      104.876      -0.465153       -0.465153
      104.907       0.366754        0.366754
      104.938       0.121709        0.121709
      104.970       0.136373        0.136373
      105.001      -0.458830       -0.458830
      105.032       0.203696        0.203696
      105.063      -0.364586       -0.364586
      105.095       0.508402        0.508402
      105.126     -0.0240514      -0.0240514
      105.157     -0.0550648      -0.0550648
      105.188      -0.114477       -0.114477
      105.220     0.00485146      0.00485146
      105.251      0.0791880       0.0791880
      105.282       0.115031        0.115031
      105.313      -0.301694       -0.301694
      105.345       0.216915        0.216915
      105.376      -0.219535       -0.219535
      105.407      0.0478951       0.0478951
      105.438       0.297747        0.297747
      105.470     -0.0205663      -0.0205663
      105.501      -0.305063       -0.305063
      105.532       0.104809        0.104809
      105.563     -0.0279294      -0.0279294
      105.595      0.0804733       0.0804733
      105.626      -0.106503       -0.106503
      105.657       0.227523        0.227523
      105.688      -0.177734       -0.177734
      105.720     -0.0437108      -0.0437108
      105.751       0.106819        0.106819
      105.782       0.196004        0.196004
      105.813      -0.513698       -0.513698
      105.845       0.320144        0.320144
      105.876     -0.0138022      -0.0138022
      105.907       0.292547        0.292547
      105.938      -0.624347       -0.624347
      105.970       0.140898        0.140898
      106.001       0.275314        0.275314
      106.032       0.256653        0.256653
      106.063      -0.569839       -0.569839
      106.095       0.108016        0.108016
      106.126       0.204488        0.204488
      106.157     -0.0957921      -0.0957921
      106.188      -0.165972       -0.165972
      106.220       0.169311        0.169311
      106.251      0.0529684       0.0529684
      106.282      -0.414410      -0.0303839
      106.313       0.268940      -0.0397572
      106.345       0.149701       0.0445100
      106.376     -0.0734156      0.00624597
      106.407     -0.0477256      -0.0477256
      106.438      -0.167235       -0.167235
      106.470       0.257869        0.257869
      106.501     -0.0338921      -0.0338921
      106.532     -0.0619994      -0.0619994
      106.563      -0.122242       -0.122242
      106.595       0.228424        0.228424
      106.626      -0.116573       -0.116573
      106.657      0.0193840       0.0193840
      106.688       0.250647     -0.00148296
      106.720        1.16699       0.0662672
      106.751       0.264097       0.0132086
      106.782      -0.383746      -0.0488832
      106.813      -0.345432       -0.345432
      106.845       0.143847        0.143847
      106.876       0.235008        0.235008
      106.907       0.509167        0.509167
      106.938      -0.788375       -0.788375
      106.970       0.264441        0.264441
      107.001     -0.0906984      -0.0906984
      107.032     -0.0809525      -0.0809525
      107.063     0.00801969      0.00801969
      107.095       0.219880        0.219880
      107.126      0.0185990       0.0185990
      107.157     -0.0997959      -0.0997959
      107.188      -0.172560       -0.172560
      107.220       0.154489        0.154489
      107.251      -0.118170       -0.118170
      107.282       0.270630        0.270630
      107.313      -0.105613       -0.105613
      107.345      0.0722188       0.0722188
      107.376      -0.213812       -0.213812
      107.407     -0.0106035      -0.0106035
      107.438     -0.0961813      -0.0961813
      107.470       0.249981        0.249981
      107.501      0.0559650       0.0559650
      107.532      0.0947177       0.0947177
      107.563      -0.292958       -0.292958
      107.595       0.117258        0.117258
      107.626      -0.276904       -0.276904
      107.657       0.313628        0.313628
      107.688       0.197876        0.197876
      107.720      -0.313104       -0.313104
      107.751      -0.222357       -0.222357
      107.782       0.424919        0.424919
      107.813      -0.332041       -0.332041
      107.845       0.252274        0.252274
      107.876      0.0546504       0.0546504
      107.907     -0.0214318      -0.0214318
      107.938      -0.186070       -0.186070
      107.970       0.144983        0.144983
      108.001     0.00429368      0.00429368
      108.032      -0.325050       -0.325050
      108.063       0.123217        0.123217
      108.095       0.130111        0.130111
      108.126       0.351704        0.351704
      108.157      -0.485799       -0.485799
      108.188     -0.0645155      -0.0645155
      108.220       0.166338        0.166338
      108.251       0.341285        0.341285
      108.282      -0.363069       -0.363069
      108.313       0.166497        0.166497
      108.345      -0.142545       -0.142545
      108.376      0.0368323       0.0368323
      108.407     -0.0815655      -0.0815655
      108.438     0.00121129      0.00121129
      108.470       0.123809        0.123809
      108.501     -0.0636834      -0.0636834
      108.532     -0.0382043      -0.0382043
      108.563      0.0652444       0.0652444
      108.595      -0.227130       0.0258796
      108.626        1.02862       0.0396136
      108.657       0.371478      -0.0304006
      108.688      -0.444898      -0.0937929
      108.720      -0.182480       -0.182480
      108.751       0.379493        0.379493
      108.782     -0.0811842      -0.0811842
      108.813       -1.13529      -0.0723270
      108.845      0.0665562      -0.0375286
      108.876        2.71458      -0.0345740
      108.907       0.436090      -0.0190673
      108.938       0.222813        0.129604
      108.970       0.300486        0.300486
      109.001      -0.363023       -0.363023
      109.032      -0.135638       -0.135638
      109.063       0.106252        0.106252
      109.095     -0.0441176       0.0925120
      109.126        1.18164      -0.0177941
      109.157        3.59962      -0.0171184
      109.188       0.312679      0.00757939
      109.220       0.420567      -0.0173748
      109.251       0.649163      -0.0244753
      109.282    -0.00910395     -0.00910395
      109.313       0.113732        0.113732
      109.345     -0.0429773      -0.0429773
      109.376      -0.204355      -0.0316491
      109.407      -0.568088      -0.0274608
      109.438        1.40041      -0.0105658
      109.470       0.685385      0.00344765
      109.501       0.105343        0.105343
      109.532     -0.0378878       0.0346953
      109.563       0.961457      -0.0369886
      109.595     -0.0734413       -0.135576
      109.626       0.994267       0.0189463
      109.657      -0.508304       0.0379519
      109.688        1.35810       0.0201246
      109.720        1.04568     -0.00564969
      109.751        18.5875   -2.62260e-006
      109.782        18.0334    2.14577e-006
      109.813      -0.475996   -2.38419e-007
      109.845        3.79354   -2.62260e-006
      109.876        8.40471    1.43051e-006
      109.907        7.67596        0.268997
      109.938       -2.11212       -0.212981
      109.970        2.28276       -0.500703
      110.001      -0.627004       -0.627004
      110.032        2.33909         2.33909
      110.063      -0.872681       -0.872681
      110.095        2.67745       -0.552761
      110.126       0.206389       -0.154683
      110.157        37.5061        0.312724
      110.188        101.238    1.12057e-005
      110.220        13.9056   -1.14441e-005
      110.251       -1.09021   -4.29153e-006
      110.282        1.89095   -2.02656e-006
      110.313       0.374372    1.90735e-006
      110.345        2.98248      -0.0186002
      110.376        3.11108       0.0433449
      110.407        1.64006     -0.00203609
      110.438      -0.168287       -0.168287
      110.470      -0.204341       -0.204341
      110.501       0.560923        0.560923
      110.532       0.444059        0.444059
      110.563      -0.730218       -0.730218
      110.595       0.191919        0.191919
      110.626      -0.286664       -0.286664
      110.657      -0.295372       -0.295372
      110.688       0.296436        0.296436
      110.720       0.278311        0.278311
      110.751       0.248268        0.248268
      110.782      -0.474738       -0.474738
      110.813     -0.0612158      -0.0612158
      110.845       0.152492        0.152492
      110.876       0.320007        0.320007
      110.907      0.0860286       0.0860286
      110.938      0.0883477       0.0883477
      110.970       -1.66968        -1.66968
      111.001       0.963431        0.963431
      111.032       0.470537        0.470537
      111.063      0.0461575       0.0461575
      111.095      -0.279106       -0.279106
      111.126       0.000000        0.000000
      111.157       0.000000        0.000000
      111.188       0.000000        0.000000
      111.220       0.000000        0.000000
      111.251       0.000000        0.000000
      111.282       0.000000        0.000000
      111.313       0.000000        0.000000
      111.345       0.000000        0.000000
      111.376       0.000000        0.000000
      111.407       0.000000        0.000000
      111.438       0.000000        0.000000
      111.470       0.000000        0.000000
      111.501       0.000000        0.000000
      111.532       0.000000        0.000000
      111.563       0.000000        0.000000
      111.595       0.000000        0.000000
      111.626       0.000000        0.000000
      111.657       0.000000        0.000000
      111.688       0.000000        0.000000
      111.720       0.000000        0.000000
      111.751       0.000000        0.000000
      111.782       0.000000        0.000000
      111.813       0.000000        0.000000
      111.845       0.000000        0.000000
      111.876       0.000000        0.000000
      111.907       0.000000        0.000000
      111.938       0.000000        0.000000
      111.970       0.000000        0.000000
      112.001       0.000000        0.000000
      112.032       0.000000        0.000000
      112.063       0.000000        0.000000
      112.095       0.000000        0.000000
      112.126       0.000000        0.000000
      112.157       0.000000        0.000000
      112.188       0.000000        0.000000
      112.220       0.000000        0.000000
