frec(GHz)   Temperatura[mK]   cont_sinlineas
      71.7195       0.000000       0.000000
      71.7508       0.000000       0.000000
      71.7820       0.000000       0.000000
      71.8133       0.000000       0.000000
      71.8445       0.000000       0.000000
      71.8758       0.000000       0.000000
      71.9070       0.000000       0.000000
      71.9383       0.000000       0.000000
      71.9695       0.000000       0.000000
      72.0008       0.000000       0.000000
      72.0320       0.000000       0.000000
      72.0633       0.000000       0.000000
      72.0945       0.000000       0.000000
      72.1258       0.000000       0.000000
      72.1570       0.000000       0.000000
      72.1883       0.000000       0.000000
      72.2195       0.000000       0.000000
      72.2508       0.000000       0.000000
      72.2820       0.000000       0.000000
      72.3133       0.000000       0.000000
      72.3445       0.000000       0.000000
      72.3758       0.000000       0.000000
      72.4070       0.000000       0.000000
      72.4383       0.000000       0.000000
      72.4695       0.000000       0.000000
      72.5008       0.000000       0.000000
      72.5320       0.000000       0.000000
      72.5633       0.000000       0.000000
      72.5945       0.000000       0.000000
      72.6258       0.000000       0.000000
      72.6570       0.000000       0.000000
      72.6883       0.000000       0.000000
      72.7195       0.000000       0.000000
      72.7508       0.000000       0.000000
      72.7820       0.000000       0.000000
      72.8133       0.000000       0.000000
      72.8445       0.000000       0.000000
      72.8758       0.000000       0.000000
      72.9070     -0.0935798     -0.0935798
      72.9383       0.225208       0.225208
      72.9695      0.0124791      0.0124791
      73.0008    -0.00438120    -0.00438120
      73.0320       -1.07706       -1.07706
      73.0633        1.49432        1.49432
      73.0945      -0.584070      -0.584070
      73.1258       0.227161       0.227161
      73.1570       0.290028       0.290028
      73.1883       -1.27568       -1.27568
      73.2195       0.802342       0.802342
      73.2508      -0.154625      -0.154625
      73.2820     -0.0395248     -0.0395248
      73.3133        1.21258        1.21258
      73.3445       -1.64961       -1.64961
      73.3758       0.949128       0.949128
      73.4070      -0.119544      -0.119544
      73.4383      -0.923162      -0.923162
      73.4695       0.515172       0.515172
      73.5008        1.15183       0.607836
      73.5320        1.84479     -0.0914702
      73.5633        2.91809      -0.589608
      73.5945      -0.500377      -0.500377
      73.6258        1.42526        1.42526
      73.6570     -0.0976431     -0.0976431
      73.6883      -0.769313      -0.769313
      73.7195       0.184943       0.184943
      73.7508      -0.870811      -0.870811
      73.7820        1.22233        1.22233
      73.8133      0.0237774      0.0237774
      73.8445      -0.628731      -0.628731
      73.8758       0.362232       0.362232
      73.9070     -0.0247157     -0.0247157
      73.9383      -0.617082      -0.617082
      73.9695        1.88921        1.88921
      74.0008       -1.24573       -1.24573
      74.0320        2.89518      -0.495215
      74.0633       0.292854      0.0832916
      74.0945      -0.258807       0.138067
      74.1258        1.51705     -0.0500730
      74.1570      0.0339739      0.0339739
      74.1883        1.25874        1.25874
      74.2195       -1.62080       -1.62080
      74.2508       0.540585       0.540585
      74.2820      -0.502697      -0.502697
      74.3133        1.13784        1.13784
      74.3445      -0.422845      -0.422845
      74.3758      -0.422434      -0.422434
      74.4070      -0.209834      -0.209834
      74.4383       0.414963       0.414963
      74.4695        1.06271        1.06271
      74.5008      -0.981913      -0.981913
      74.5320        1.43550      -0.369391
      74.5633        5.61434      0.0708988
      74.5945        6.15526     -0.0578680
      74.6258        4.85428       0.134682
      74.6570       0.459401       0.301614
      74.6883        1.24260        1.24260
      74.7195       -1.88100       -1.88100
      74.7508        1.09891        1.09891
      74.7820       -2.03718       -2.03718
      74.8133        1.79124        1.79124
      74.8445       -1.37391       -1.37391
      74.8758        1.64611        1.64611
      74.9070      -0.133997      -0.133997
      74.9383      -0.240214      -0.240214
      74.9695      -0.397327      -0.397327
      75.0008      -0.345050      -0.345050
      75.0320       0.414515       0.414515
      75.0633        1.14890        1.14890
      75.0945       -2.24407       -2.24407
      75.1258        1.77995        1.77995
      75.1570      -0.203992      -0.203992
      75.1883       -1.57800       -1.57800
      75.2195        1.92468        1.92468
      75.2508       -1.08320       -1.08320
      75.2820        1.20779        1.20779
      75.3133      -0.962618      -0.962618
      75.3445       -1.04212       -1.04212
      75.3758        1.71204        1.71204
      75.4070      -0.610922      -0.610922
      75.4383       0.136892       0.136892
      75.4695       0.329122       0.329122
      75.5008      -0.921303      -0.921303
      75.5320       0.484899       0.484899
      75.5633       0.161836       0.161836
      75.5945      -0.422404      -0.422404
      75.6258       0.665117       0.665117
      75.6570       -1.38556       -1.38556
      75.6883        1.85686        1.85686
      75.7195      -0.980252      -0.980252
      75.7508       0.187719       0.187719
      75.7820       0.634062       0.634062
      75.8133       -1.58183       -1.58183
      75.8445        1.18136        1.18136
      75.8758      -0.873384      -0.873384
      75.9070        1.00734        1.00734
      75.9383      -0.123085      -0.123085
      75.9695       -1.19062       -1.19062
      76.0008        1.40075        1.40075
      76.0320      -0.887369      -0.887369
      76.0633       0.301804       0.301804
      76.0945       0.705305       0.705305
      76.1258       -1.47141       -1.47141
      76.1570        1.36933        1.36933
      76.1883      -0.648327      -0.648327
      76.2195       0.392247       0.392247
      76.2508      0.0887441      0.0887441
      76.2820       -1.59638       -1.59638
      76.3133        2.08973        2.08973
      76.3445       -1.23121       -1.23121
      76.3758       0.319375       0.319375
      76.4070       0.323116       0.323116
      76.4383      -0.774572      -0.774572
      76.4695       0.849882       0.849882
      76.5008      -0.508839      -0.508839
      76.5320       0.242804       0.242804
      76.5633       0.137564       0.137564
      76.5945      -0.925876      -0.925876
      76.6258        1.22298        1.22298
      76.6570       0.105659       0.105659
      76.6883       -1.52734       -1.52734
      76.7195       0.951955       0.951955
      76.7508      -0.782640      -0.782640
      76.7820        1.74956        1.74956
      76.8133      -0.554997      -0.554997
      76.8445       -1.51980       -1.51980
      76.8758        1.51622        1.51622
      76.9070      -0.423295      -0.423295
      76.9383     -0.0490648     -0.0490648
      76.9695      -0.225627      -0.225627
      77.0008      0.0816004      0.0816004
      77.0320       0.404588       0.404588
      77.0633      -0.504150      -0.504150
      77.0945      0.0970069      0.0970069
      77.1258       0.654744       0.654744
      77.1570      -0.565800      -0.565800
      77.1883       0.249760       0.249760
      77.2195      -0.475098      -0.475098
      77.2508      0.0274460      0.0274460
      77.2820       0.589525       0.589525
      77.3133      -0.401682      -0.401682
      77.3445       0.104706       0.104706
      77.3758     -0.0342177     -0.0342177
      77.4070      -0.156645      -0.156645
      77.4383       0.420603       0.420603
      77.4695      -0.174272      -0.174272
      77.5008      -0.304442      -0.304442
      77.5320       0.354424       0.354424
      77.5633      -0.264960      -0.264960
      77.5945       0.209780       0.209780
      77.6258      -0.260142      -0.260142
      77.6570     -0.0973727     -0.0973727
      77.6883       0.652453       0.652453
      77.7195      -0.597571      -0.597571
      77.7508       0.478553       0.478553
      77.7820      -0.487536      -0.487536
      77.8133       0.484067       0.484067
      77.8445      -0.452873      -0.452873
      77.8758       0.242289       0.242289
      77.9070       0.169831       0.169831
      77.9383      -0.149189      -0.149189
      77.9695      -0.845301      -0.845301
      78.0008        1.56626        1.56626
      78.0320      -0.657668      -0.657668
      78.0633      -0.880680      -0.880680
      78.0945        1.75446        1.75446
      78.1258       -2.65729       -2.65729
      78.1570        2.97017        2.97017
      78.1883       -1.30165       -1.30165
      78.2195      -0.512142      -0.512142
      78.2508       0.940554       0.940554
      78.2820       -1.21779       -1.21779
      78.3133        1.54327        1.54327
      78.3445      -0.496440      -0.496440
      78.3758      -0.979840      -0.979840
      78.4070        1.08399        1.08399
      78.4383       -1.00247       -1.00247
      78.4695       0.839641       0.839641
      78.5008     -0.0499414     -0.0499414
      78.5320      -0.659883      -0.659883
      78.5633        1.66680        1.66680
      78.5945       -1.69495       -1.69495
      78.6258       0.341099       0.341099
      78.6570       0.275385       0.275385
      78.6883      -0.494354      -0.494354
      78.7195        1.07895        1.07895
      78.7508      -0.753089      -0.753089
      78.7820      -0.341156      -0.341156
      78.8133       0.893239       0.893239
      78.8445      -0.838206      -0.838206
      78.8758       0.456932       0.456932
      78.9070       0.219127       0.219127
      78.9383      -0.876815      -0.876815
      78.9695        1.30455        1.30455
      79.0008       -2.70124       -2.70124
      79.0320        3.30574        3.30574
      79.0633       -1.47438       -1.47438
      79.0945        1.01549        1.01549
      79.1258      -0.697826      -0.697826
      79.1570       -1.36454       -1.36454
      79.1883        1.89589        1.89589
      79.2195       -1.43902       -1.43902
      79.2508        1.45498        1.45498
      79.2820       -1.47080       -1.47080
      79.3133       0.792686       0.792686
      79.3445     -0.0518996     -0.0518996
      79.3758       0.138677       0.138677
      79.4070     -0.0444119     -0.0444119
      79.4383      0.0327367      0.0327367
      79.4695     -0.0967109     -0.0967109
      79.5008      -0.110931      -0.110931
      79.5320      0.0208186      0.0208186
      79.5633      0.0274779      0.0274779
      79.5945       0.372572     -0.0470940
      79.6258       0.872359     -0.0510699
      79.6570       0.112762      0.0805428
      79.6883       0.300832       0.300832
      79.7195      -0.139540      -0.139540
      79.7508      -0.178318      -0.178318
      79.7820     -0.0149709     -0.0149709
      79.8133        2.33237      0.0605275
      79.8445        5.68177     -0.0479458
      79.8758        4.51809     -0.0178524
      79.9070        1.60524      0.0689096
      79.9383       0.233132       0.233132
      79.9695      -0.254416      -0.254416
      80.0008      0.0596747      0.0596747
      80.0320     -0.0481802     -0.0481802
      80.0633     0.00813502     0.00813502
      80.0945        1.41712     -0.0115261
      80.1258        1.46761      0.0223960
      80.1570        2.14387     0.00483894
      80.1883        1.81054      0.0631857
      80.2195       0.277429       0.179037
      80.2508     -0.0477533     -0.0477533
      80.2820      -0.485394      -0.485394
      80.3133      -0.407172      -0.407172
      80.3445       0.740783       0.740783
      80.3758      -0.122885       0.223271
      80.4070       0.750953      -0.110608
      80.4383        1.01679     -0.0629432
      80.4695       0.937335      0.0191757
      80.5008       0.608462     -0.0654129
      80.5320      -0.314622      -0.314622
      80.5633       0.315623       0.315623
      80.5945      -0.268406      -0.268406
      80.6258       0.149922       0.149922
      80.6570       0.107827       0.107827
      80.6883     0.00925136     0.00925136
      80.7195       0.265725       0.265725
      80.7508      -0.223108      -0.223108
      80.7820      -0.433701      -0.433701
      80.8133       0.185458       0.185458
      80.8445       0.389755       0.389755
      80.8758      -0.155006      -0.155006
      80.9070      -0.264202      -0.264202
      80.9383       0.271986       0.271986
      80.9695       0.121512       0.121512
      81.0008      -0.177601      -0.177601
      81.0320    -0.00201589    -0.00201589
      81.0633      -0.213531      -0.213531
      81.0945     -0.0288771     -0.0288771
      81.1258       0.327693       0.327693
      81.1570     -0.0943705     -0.0943705
      81.1883       0.132313       0.132313
      81.2195      -0.234597      -0.234597
      81.2508      0.0175944      0.0175944
      81.2820       0.224516       0.224516
      81.3133      -0.402279      -0.402279
      81.3445       0.371926       0.371926
      81.3758     -0.0836746     -0.0836746
      81.4070      -0.176839     -0.0348968
      81.4383       0.655897      -0.163197
      81.4695      -0.368351      0.0721792
      81.5008       0.406457      0.0824052
      81.5320       0.419979       0.419979
      81.5633      -0.480287      -0.480287
      81.5945       0.235043       0.235043
      81.6258      -0.784201      -0.784201
      81.6570       0.468596       0.468596
      81.6883       0.604452       0.604452
      81.7195      -0.314581      -0.314581
      81.7508        1.16462      -0.264330
      81.7820        2.83525      0.0168550
      81.8133        4.04413      0.0797749
      81.8445        2.66758     -0.0253638
      81.8758      -0.120196     0.00186968
      81.9070      0.0779451      0.0779451
      81.9383     0.00854242     0.00854242
      81.9695       0.187131     -0.0239524
      82.0008        3.04066     -0.0197177
      82.0320        2.15846    -0.00118756
      82.0633        1.93279  -1.19209e-007
      82.0945      0.0782698      0.0256379
      82.1258       0.534075      0.0341809
      82.1570        1.25683    -0.00488520
      82.1883      -0.109875      -0.109875
      82.2195        2.24356    -0.00487399
      82.2508        2.12498      0.0341737
      82.2820        3.01607      0.0256429
      82.3133        2.89689     -0.0128894
      82.3445      0.0366623      0.0712743
      82.3758       0.866403      -0.143142
      82.4070     -0.0200297     -0.0200297
      82.4383     -0.0921232     -0.0921232
      82.4695       0.862525       0.862525
      82.5008      -0.938154      -0.938154
      82.5320       0.224740       0.224740
      82.5633     -0.0933620     -0.0933620
      82.5945      -0.151625      -0.151625
      82.6258       0.766836       0.766836
      82.6570      -0.440414      -0.440414
      82.6883       0.428056       0.428056
      82.7195      -0.594308      -0.594308
      82.7508      -0.195529      -0.195529
      82.7820       0.431252       0.431252
      82.8133      -0.620561      -0.620561
      82.8445       0.347275       0.347275
      82.8758       0.367097       0.367097
      82.9070     -0.0301952     -0.0301952
      82.9383       0.452045       0.452045
      82.9695      -0.972431      -0.972431
      83.0008      0.0638138      0.0638138
      83.0320       0.433531       0.433531
      83.0633      -0.319351      -0.319351
      83.0945       0.507247       0.507247
      83.1258      -0.459324      -0.459324
      83.1570      0.0784957      0.0784957
      83.1883       0.278897       0.278897
      83.2195      -0.399010      -0.399010
      83.2508       0.342242       0.342242
      83.2820      -0.435444      -0.435444
      83.3133       0.330417       0.330417
      83.3445     -0.0290370     -0.0290370
      83.3758      -0.323564      -0.323564
      83.4070       0.515932       0.515932
      83.4383      -0.132416      -0.132416
      83.4695       0.748052      -0.107331
      83.5008        1.92866     -0.0961096
      83.5320        1.51758       0.109391
      83.5633        1.26253      0.0246885
      83.5945      0.0678523      0.0678523
      83.6258      -0.271016      -0.271016
      83.6570       0.234419       0.234419
      83.6883      -0.153008      -0.153008
      83.7195       0.191458       0.191458
      83.7508       0.302489       0.302489
      83.7820      -0.510234      -0.510234
      83.8133      -0.274507      -0.274507
      83.8445      0.0488929      0.0488929
      83.8758       0.378186       0.378186
      83.9070       0.513703       0.513703
      83.9383      -0.396336      -0.396336
      83.9695      -0.308081      -0.308081
      84.0008    -0.00640595    -0.00640595
      84.0320       0.244175       0.114281
      84.0633       0.860288     -0.0373783
      84.0945     -0.0712246     -0.0211298
      84.1258      0.0743076      0.0743076
      84.1570       0.203701       0.203701
      84.1883     -0.0473082     -0.0473082
      84.2195     -0.0336183     -0.0336183
      84.2508      -0.249058      -0.249058
      84.2820      -0.119186      -0.119186
      84.3133       0.780279       0.780279
      84.3445      -0.752239      -0.752239
      84.3758       0.118226       0.118226
      84.4070       0.417412      0.0979560
      84.4383      -0.204064      0.0690918
      84.4695        1.05475      -0.188283
      84.5008      -0.566179       0.212008
      84.5320       0.235385       0.235385
      84.5633     -0.0540702     -0.0540702
      84.5945      -0.988184      -0.988184
      84.6258       0.921456       0.921456
      84.6570      -0.319988      -0.319988
      84.6883       0.436674       0.436674
      84.7195     0.00529533     0.00529533
      84.7508      -0.669978      -0.669978
      84.7820       0.226851       0.226851
      84.8133     -0.0252506     -0.0252506
      84.8445       0.237336       0.237336
      84.8758       0.453979       0.453979
      84.9070      -0.520096      -0.520096
      84.9383     -0.0519570     -0.0519570
      84.9695      -0.152689      -0.152689
      85.0008     -0.0309704     -0.0309704
      85.0320       0.266499       0.266499
      85.0633      -0.133093      -0.133093
      85.0945       0.230564       0.230564
      85.1258      0.0496328      0.0496328
      85.1570      -0.171168      -0.171168
      85.1883       0.760331     -0.0858089
      85.2195        3.56938      0.0358690
      85.2508        11.7483      0.0352285
      85.2820        10.1464  -4.17233e-007
      85.3133        4.69460  -4.70877e-006
      85.3445        7.07084   4.94719e-006
      85.3758        8.08459       0.149906
      85.4070        7.03931      -0.135879
      85.4383       0.729423      -0.264460
      85.4695      -0.296156      -0.296156
      85.5008        1.37003        1.37003
      85.5320      -0.643698      -0.643698
      85.5633        2.51780      -0.338101
      85.5945        5.68828     -0.0533850
      85.6258        6.74583       0.265664
      85.6570        3.56692      -0.100419
      85.6883        1.08961     -0.0930632
      85.7195     -0.0779105     -0.0779105
      85.7508       0.646643       0.646643
      85.7820      -0.866446      -0.866446
      85.8133       0.162252       0.162252
      85.8445       0.566060       0.566060
      85.8758        1.40274        1.40274
      85.9070       -2.75348       -2.75348
      85.9383       0.147709       0.147709
      85.9695        1.03881        1.03881
      86.0008       0.750486       0.750486
      86.0320       -1.11738       -1.11738
      86.0633       0.193151       0.193151
      86.0945      0.0738440      0.0738440
      86.1258       0.116693       0.116693
      86.1570      -0.587155      -0.587155
      86.1883       0.403492       0.403492
      86.2195       0.560932       0.150283
      86.2508        3.26043      0.0905588
      86.2820        1.70977     -0.0583820
      86.3133       0.850931     -0.0829973
      86.3445      -0.381866      -0.381866
      86.3758       0.262253       0.262253
      86.4070     -0.0259063     -0.0259063
      86.4383       0.170242       0.170242
      86.4695     -0.0299976     -0.0299976
      86.5008        1.93871     -0.0176015
      86.5320        1.20922     -0.0399404
      86.5633        1.52914     0.00339675
      86.5945        2.19345  -3.57628e-006
      86.6258        1.97788  -4.76837e-007
      86.6570        2.96169   3.09944e-006
      86.6883        3.08006   5.24521e-006
      86.7195        1.65126  -7.39098e-006
      86.7508        1.13132  -2.86102e-006
      86.7820        1.08256   2.38419e-006
      86.8133        2.77254     -0.0507016
      86.8445        1.07965     -0.0890222
      86.8758        1.62943    -0.00747633
      86.9070       0.355112       0.355112
      86.9383       0.330058       0.330058
      86.9695      -0.178639      -0.178639
      87.0008      -0.790828      -0.790828
      87.0320      -0.314076      -0.314076
      87.0633       0.758726       0.758726
      87.0945      0.0319643       0.242425
      87.1258       0.232474      -0.114841
      87.1570       0.592378      -0.140749
      87.1883        4.14675  -4.76837e-007
      87.2195        35.1049   6.19888e-006
      87.2508        44.2220   1.04904e-005
      87.2820        28.1790  -1.14441e-005
      87.3133        25.3403  -7.62939e-006
      87.3445        22.2355   4.76837e-007
      87.3758        15.2473       0.195901
      87.4070        3.53114     -0.0199676
      87.4383        1.58223      -0.277661
      87.4695      -0.606576      -0.606576
      87.5008        1.14208        1.14208
      87.5320      -0.261937      -0.261937
      87.5633       0.857587      -0.204642
      87.5945      -0.258951      -0.270679
      87.6258        2.34572       0.163891
      87.6570      -0.329459       0.197393
      87.6883       0.624469       0.624469
      87.7195       -1.00594       -1.00594
      87.7508       0.312771       0.312771
      87.7820      -0.458679      -0.458679
      87.8133       0.781262       0.781262
      87.8445      -0.559601      -0.559601
      87.8758       0.508633       0.508633
      87.9070      -0.281239      -0.281239
      87.9383       0.263990       0.263990
      87.9695      -0.348022      -0.348022
      88.0008       0.283344       0.283344
      88.0320      -0.572983      -0.572983
      88.0633       0.474312       0.474312
      88.0945     -0.0225911     -0.0225911
      88.1258       0.773713      0.0175285
      88.1570       0.307148      -0.257017
      88.1883        1.22643       0.106460
      88.2195       0.327506       0.327506
      88.2508       0.764226       0.764226
      88.2820       -1.64469       -1.64469
      88.3133      -0.207402      -0.207402
      88.3445       0.404015       0.404015
      88.3758        1.05719        1.05719
      88.4070      -0.420115      -0.420115
      88.4383      -0.188866      -0.188866
      88.4695      0.0680957     -0.0649724
      88.5008        4.84985      0.0677676
      88.5320        66.7191     -0.0191860
      88.5633        85.8110   1.00136e-005
      88.5945        44.5794   1.43051e-006
      88.6258        8.97574       0.168617
      88.6570       0.329707      -0.152531
      88.6883        1.43675      -0.230278
      88.7195      -0.656562      -0.656562
      88.7508        1.58617        1.58617
      88.7820      -0.379107      -0.379107
      88.8133        1.18176        1.18176
      88.8445       -2.68937       -2.68937
      88.8758       0.251493       0.251493
      88.9070      -0.127408      -0.127408
      88.9383        2.69431        2.69431
      88.9695       -1.26855       -1.26855
      89.0008        3.01431      -0.590034
      89.0320       -3.30201      -0.133947
      89.0633        22.4045       0.345408
      89.0945        110.967  -2.38419e-006
      89.1258        117.263   2.67029e-005
      89.1570        52.6427   4.14848e-005
      89.1883        4.23586      -0.139791
      89.2195       0.429756      -0.119096
      89.2508      -0.670546       0.188327
      89.2820       0.654660       0.654660
      89.3133      -0.328025      -0.328025
      89.3445      -0.470957      -0.470957
      89.3758      0.0653534      0.0653534
      89.4070       0.160739       0.160739
      89.4383      -0.186186      -0.186186
      89.4695       0.246328       0.246328
      89.5008      0.0399480      0.0399480
      89.5320     -0.0229640     -0.0229640
      89.5633      -0.363541      -0.363541
      89.5945       0.340860       0.340860
      89.6258       0.212379       0.212379
      89.6570      -0.243268      -0.243268
      89.6883      -0.391519      -0.391519
      89.7195      0.0606217      0.0606217
      89.7508       0.730031       0.730031
      89.7820     -0.0162878     -0.0162878
      89.8133      -0.523241      -0.523241
      89.8445      -0.547998      -0.547998
      89.8758       0.568212       0.568212
      89.9070       0.717986       0.717986
      89.9383      -0.207218      -0.207218
      89.9695      -0.937738      -0.937738
      90.0008       0.273283       0.273283
      90.0320       0.315715       0.315715
      90.0633      -0.123205      -0.123205
      90.0945      -0.484546      -0.484546
      90.1258       0.447598       0.447598
      90.1570       0.849534       0.849534
      90.1883      -0.493151      -0.493151
      90.2195      -0.397229      -0.397229
      90.2508       0.157057       0.157057
      90.2820       0.183637       0.183637
      90.3133      -0.376635      -0.376635
      90.3445       0.402457     -0.0455675
      90.3758        1.24648      -0.101022
      90.4070       0.489786     -0.0105500
      90.4383     -0.0443113       0.285962
      90.4695       0.885633       0.885633
      90.5008      -0.746832      -0.746832
      90.5320        2.78725      -0.321436
      90.5633        34.7988      0.0302558
      90.5945        39.1254       0.183818
      90.6258        21.9535    0.000460625
      90.6570        3.65175      0.0203352
      90.6883      -0.151940      0.0130763
      90.7195     -0.0270758     -0.0270758
      90.7508      -0.107251      -0.107251
      90.7820      0.0276661      0.0276661
      90.8133      0.0495355      0.0495355
      90.8445      0.0878854      0.0878854
      90.8758        5.00495     -0.0145352
      90.9070        4.87532     -0.0574439
      90.9383        2.04869      -0.222419
      90.9695      -0.322695     -0.0141213
      91.0008       0.418161       0.418161
      91.0320       0.679590       0.679590
      91.0633      -0.872494      -0.872494
      91.0945      -0.367896      -0.287567
      91.1258        1.32731       0.150411
      91.1570        1.84267       0.250960
      91.1883      -0.827165      -0.205955
      91.2195      -0.359537      -0.359537
      91.2508       0.249348       0.249348
      91.2820       0.899763       0.899763
      91.3133      -0.276335      -0.276335
      91.3445      -0.537001      -0.537001
      91.3758       0.450776     -0.0889649
      91.4070        3.56169       0.194985
      91.4383        1.55827       0.192554
      91.4695        1.45803      0.0789919
      91.5008      -0.328701      -0.328701
      91.5320      -0.372380      -0.372380
      91.5633       0.127129       0.127129
      91.5945       0.506377       0.506377
      91.6258      -0.408133      -0.408133
      91.6570       0.790196       0.790196
      91.6883      -0.543516      -0.543516
      91.7195      0.0930176      0.0930176
      91.7508     -0.0686073     -0.0686073
      91.7820       0.231458       0.231458
      91.8133      -0.717302      -0.717302
      91.8445      0.0163686      0.0163686
      91.8758       0.688093       0.434243
      91.9070        4.11976       0.229563
      91.9383        4.66351      -0.110049
      91.9695        5.91302      -0.141764
      92.0008        3.90972       0.118521
      92.0320        1.67579      0.0156906
      92.0633     -0.0614995     -0.0614995
      92.0945      -0.642016      -0.642016
      92.1258       0.946211       0.946211
      92.1570      -0.291632      -0.291632
      92.1883     -0.0274111     -0.0274111
      92.2195      -0.126757      -0.126757
      92.2508      -0.927585      0.0785751
      92.2820       0.548932     -0.0458422
      92.3133     -0.0122344    -0.00592777
      92.3445      0.0487579      0.0487579
      92.3758      0.0724359      0.0724359
      92.4070     -0.0624326      0.0943238
      92.4383       0.907704     -0.0964286
      92.4695       0.537353      -0.133046
      92.5008      -0.276322      -0.276322
      92.5320       0.646414       0.646414
      92.5633      -0.463061      -0.463061
      92.5945       0.300559       0.300559
      92.6258       0.220684       0.220684
      92.6570      -0.442695      -0.442695
      92.6883      0.0197967      0.0197967
      92.7195      -0.616940      -0.616940
      92.7508       0.682277       0.682277
      92.7820       0.758734       0.758734
      92.8133      -0.721077      -0.721077
      92.8445      -0.204801      -0.204801
      92.8758       0.199740       0.199740
      92.9070      -0.253968      -0.253968
      92.9383       0.542285       0.542285
      92.9695      -0.640826      -0.640826
      93.0008       0.283672       0.283672
      93.0320        1.41262      0.0846843
      93.0633        3.85535      0.0591587
      93.0945        5.48102      -0.103211
      93.1258        1.53855     -0.0606077
      93.1570       0.733052     -0.0905868
      93.1883      -0.381671       0.133135
      93.2195       0.375992       0.375992
      93.2508     -0.0149323     -0.0149323
      93.2820      -0.658547      -0.658547
      93.3133       0.159921       0.159921
      93.3445       0.123096       0.123096
      93.3758       0.266783       0.266783
      93.4070      -0.461491      -0.461491
      93.4383     -0.0569372     -0.0569372
      93.4695       0.352516       0.352516
      93.5008        1.42612       0.100681
      93.5320        2.23197     -0.0495588
      93.5633       0.884271     -0.0741838
      93.5945       0.223392      0.0374964
      93.6258      -0.221974      -0.221974
      93.6570       0.211387       0.211387
      93.6883      -0.415398      -0.415398
      93.7195       0.538243       0.538243
      93.7508      -0.555494      -0.555494
      93.7820        1.02505        1.02505
      93.8133      -0.537694      -0.537694
      93.8445      -0.480991      -0.480991
      93.8758       0.396716       0.396716
      93.9070      -0.110752      -0.110752
      93.9383      0.0628501      0.0628501
      93.9695     -0.0254785     -0.0254785
      94.0008      -0.421767      -0.421767
      94.0320        1.02359        1.02359
      94.0633      -0.570151      -0.570151
      94.0945     -0.0811073     -0.0811073
      94.1258       0.526954       0.526954
      94.1570       -1.20934       -1.20934
      94.1883       0.927638       0.927638
      94.2195     -0.0501681     -0.0501681
      94.2508      -0.147338      -0.147338
      94.2820       0.346062       0.346062
      94.3133      -0.818019      -0.818019
      94.3445       0.638727       0.638727
      94.3758       0.104238       0.104238
      94.4070      -0.228189      -0.228189
      94.4383       0.119378       0.119378
      94.4695      -0.481755      -0.481755
      94.5008      0.0417126      0.0417126
      94.5320       0.866858       0.866858
      94.5633      -0.897160      -0.897160
      94.5945       0.623267       0.623267
      94.6258      -0.676279      -0.676279
      94.6570       0.642889       0.642889
      94.6883       0.226235       0.226235
      94.7195      -0.810380      -0.810380
      94.7508       0.445705       0.445705
      94.7820      -0.645132      -0.645132
      94.8133       0.667659       0.667659
      94.8445       0.152930       0.152930
      94.8758      -0.568514      -0.568514
      94.9070       0.748333       0.748333
      94.9383      -0.576533      -0.576533
      94.9695     -0.0684559     -0.0684559
      95.0008       0.342255       0.342255
      95.0320      -0.623631      -0.623631
      95.0633       0.658342       0.658342
      95.0945      -0.241497      -0.241497
      95.1258       0.123016       0.123016
      95.1570       0.122627       0.122627
      95.1883      -0.388664      -0.388664
      95.2195       0.426482       0.426482
      95.2508      -0.412723      -0.412723
      95.2820       0.242711       0.242711
      95.3133     -0.0252190     -0.0252190
      95.3445      -0.295675      -0.295675
      95.3758       0.262230       0.262230
      95.4070    -0.00466219    -0.00466219
      95.4383      0.0449437      0.0449437
      95.4695      0.0578887      0.0578887
      95.5008      -0.223540      -0.223540
      95.5320       0.127364       0.127364
      95.5633      0.0435696      0.0435696
      95.5945     -0.0442227     -0.0442227
      95.6258       0.144527       0.144527
      95.6570      -0.236897      -0.236897
      95.6883      0.0230129      0.0230129
      95.7195     -0.0624359     -0.0624359
      95.7508       0.114509       0.114509
      95.7820       0.217459       0.217459
      95.8133      -0.410051      -0.410051
      95.8445       0.108432       0.108432
      95.8758       0.179387       0.179387
      95.9070     -0.0362748     -0.0362748
      95.9383      0.0322685      0.0322685
      95.9695      -0.188317      -0.188317
      96.0008      0.0910869      0.0910869
      96.0320     -0.0149616     -0.0149616
      96.0633      0.0439781      0.0439781
      96.0945      0.0539793      0.0539793
      96.1258     -0.0455142     -0.0455142
      96.1570     -0.0157199     -0.0157199
      96.1883      0.0270276      0.0270276
      96.2195      -0.185015      -0.185015
      96.2508       0.118563       0.118563
      96.2820       0.518663      0.0571373
      96.3133        1.51801     0.00561170
      96.3445        1.18211     -0.0485691
      96.3758       0.423519      0.0254286
      96.4070       0.133079      0.0211807
      96.4383     0.00586887     0.00586887
      96.4695      -0.132046      -0.132046
      96.5008       0.141420       0.141420
      96.5320     -0.0566179     -0.0566179
      96.5633      -0.156705      -0.156705
      96.5945       0.182786       0.182786
      96.6258        1.00346      0.0659895
      96.6570        1.70401     -0.0326501
      96.6883       0.822114     -0.0124380
      96.7195       0.453007      0.0306994
      96.7508     -0.0582131     -0.0582131
      96.7820      -0.138686      -0.138686
      96.8133       0.106351       0.106351
      96.8445      0.0863735      0.0863735
      96.8758      -0.139792      -0.139792
      96.9070       0.155910       0.155910
      96.9383     -0.0414633     -0.0414633
      96.9695      -0.172446      -0.172446
      97.0008       0.242570       0.242570
      97.0320      -0.420596      -0.420596
      97.0633       0.471424       0.471424
      97.0945      0.0136530      0.0136530
      97.1258      -0.251677      -0.251677
      97.1570       0.192275       0.192275
      97.1883      -0.168373      -0.168373
      97.2195       0.164685       0.164685
      97.2508      -0.206625      -0.206625
      97.2820     -0.0488812     -0.0488812
      97.3133       0.148768       0.148768
      97.3445      -0.108295      -0.108295
      97.3758       0.220167       0.220167
      97.4070     -0.0357726     -0.0357726
      97.4383     -0.0739655     -0.0739655
      97.4695       0.132704       0.132704
      97.5008      -0.192577      -0.192577
      97.5320      0.0824670      0.0824670
      97.5633      -0.110307      -0.110307
      97.5945      -0.258640      -0.258640
      97.6258       0.334602       0.334602
      97.6570       0.133223       0.133223
      97.6883      0.0940488      0.0940488
      97.7195     -0.0163522     -0.0163522
      97.7508      -0.579602      -0.579602
      97.7820       0.299510       0.299510
      97.8133       0.154513       0.154513
      97.8445        5.22275      0.0144598
      97.8758        18.4988     -0.0946681
      97.9070        15.4114    -0.00945783
      97.9383        8.45552      -0.128249
      97.9695        1.76320       0.338844
      98.0008       0.148757       0.148757
      98.0320      0.0582938      0.0582938
      98.0633       -1.69682       -1.69682
      98.0945        1.99352        1.99352
      98.1258      -0.894733      -0.894733
      98.1570       0.516915       0.516915
      98.1883       -1.01280       -1.01280
      98.2195       0.700157       0.700157
      98.2508       0.292949       0.292949
      98.2820      -0.152756      -0.152756
      98.3133      -0.411947      -0.411947
      98.3445      0.0924605      0.0924605
      98.3758       0.291607       0.291607
      98.4070      -0.135285      -0.135285
      98.4383       0.366039       0.366039
      98.4695      -0.568714      -0.568714
      98.5008       0.403178       0.403178
      98.5320      -0.639877      -0.639877
      98.5633       0.411879       0.411879
      98.5945       0.236240       0.236240
      98.6258       0.157513       0.157513
      98.6570      -0.197463      -0.197463
      98.6883      -0.319550      -0.319550
      98.7195      -0.250996      -0.250996
      98.7508       0.605292       0.605292
      98.7820      -0.597796      -0.597796
      98.8133       0.757714       0.757714
      98.8445      -0.253372      -0.253372
      98.8758       0.784523     -0.0971714
      98.9070        3.95815      -0.101007
      98.9383        4.40074       0.120226
      98.9695        4.62729     -0.0534393
      99.0008        2.37693      0.0188882
      99.0320     0.00989389     0.00989389
      99.0633       0.214514       0.214514
      99.0945      -0.518504      -0.518504
      99.1258       0.260804       0.260804
      99.1570       0.530920       0.113450
      99.1883        1.70622      0.0188832
      99.2195        1.79654      -0.147293
      99.2508       0.638741      0.0720992
      99.2820      -0.542458      0.0495045
      99.3133       0.167389       0.167389
      99.3445      -0.545639      -0.545639
      99.3758       0.408786       0.408786
      99.4070      -0.404116      -0.404116
      99.4383       0.559876       0.559876
      99.4695      -0.130920      -0.130920
      99.5008      -0.125581      -0.125581
      99.5320      -0.151003      -0.151003
      99.5633      0.0556722      0.0556722
      99.5945      0.0983198      0.0983198
      99.6258       0.220848       0.220848
      99.6570      -0.121528      -0.121528
      99.6883      0.0760880      0.0760880
      99.7195      -0.316363      -0.316363
      99.7508      0.0372344      0.0372344
      99.7820    -0.00333428    -0.00333428
      99.8133       0.223373       0.223373
      99.8445      -0.237605      -0.237605
      99.8758       0.280698       0.280698
      99.9070      -0.135566      -0.135566
      99.9383        1.75094     -0.0418954
      99.9695        4.13645     -0.0229807
      100.001        4.38373     -0.0452740
      100.032        2.14139      0.0137603
      100.063       0.510295       0.138011
      100.095       0.285117       0.285117
      100.126      -0.464258      -0.464258
      100.157       0.107085       0.107085
      100.188      0.0841274      0.0841274
      100.220      -0.227341      -0.227341
      100.251       0.235279       0.235279
      100.282      -0.401734      -0.401734
      100.313       0.489853       0.489853
      100.345      0.0843639      0.0843639
      100.376      -0.367954      -0.367954
      100.407       0.227615       0.227615
      100.438      -0.614931      -0.614931
      100.470       0.539945       0.539945
      100.501       0.289318       0.289318
      100.532      -0.462400      -0.462400
      100.563       0.277687       0.277687
      100.595      -0.380794      -0.380794
      100.626       0.212865       0.212865
      100.657       0.276791       0.276791
      100.688      -0.273795      -0.273795
      100.720      0.0939808      0.0939808
      100.751       0.139207       0.139207
      100.782      -0.772523      -0.772523
      100.813        1.13064        1.13064
      100.845       -1.15245       -1.15245
      100.876       0.887885       0.887885
      100.907      -0.573182      -0.573182
      100.938       0.508079       0.508079
      100.970       0.316958       0.316958
      101.001       -1.14105       -1.14105
      101.032       0.590475       0.590475
      101.063      -0.243710      -0.243710
      101.095       0.295648       0.295648
      101.126       0.331143       0.331143
      101.157      -0.786919      -0.786919
      101.188       0.760598       0.760598
      101.220      -0.260594      -0.260594
      101.251      -0.251208      -0.251208
      101.282       0.290460       0.290460
      101.313      -0.708835      -0.708835
      101.345       0.735695       0.735695
      101.376      -0.236318      -0.236318
      101.407       0.115872       0.115872
      101.438       0.346103       0.346103
      101.470      -0.933796      -0.933796
      101.501       0.900810       0.900810
      101.532      -0.290201      -0.290201
      101.563       0.146731       0.146731
      101.595      -0.351743      -0.351743
      101.626      -0.302985      -0.302985
      101.657       0.487052       0.487052
      101.688       0.335433       0.335433
      101.720      -0.452859      -0.452859
      101.751       0.100598       0.100598
      101.782      -0.248556      -0.248556
      101.813       0.284665       0.284665
      101.845     -0.0724406     -0.0724406
      101.876      -0.116787      -0.116787
      101.907       0.246223       0.246223
      101.938      -0.296934      -0.296934
      101.970       0.338377       0.338377
      102.001      0.0837484      0.0837484
      102.032      -0.578020      -0.578020
      102.063       0.335527       0.335527
      102.095      -0.139933      -0.139933
      102.126       0.316852       0.316852
      102.157     -0.0338474     -0.0338474
      102.188      -0.322398      -0.322398
      102.220       0.351008       0.351008
      102.251      -0.345108      -0.345108
      102.282       0.307624       0.307624
      102.313      -0.385508      -0.385508
      102.345       0.324292       0.324292
      102.376     -0.0439793     -0.0439793
      102.407        5.95704    -0.00214779
      102.438        13.3524     -0.0577424
      102.470        10.1492      0.0217955
      102.501        6.01608      0.0118495
      102.532        1.67283     -0.0160623
      102.563     -0.0255942     -0.0255942
      102.595     -0.0471002     -0.0471002
      102.626       0.186088       0.186088
      102.657      0.0480490      0.0480490
      102.688     -0.0239425     -0.0239425
      102.720      -0.401164      -0.401164
      102.751      0.0689400      0.0689400
      102.782       0.391470       0.391470
      102.813      0.0621791      0.0621791
      102.845      -0.447741      -0.447741
      102.876    0.000675261    0.000675261
      102.907      0.0445591      0.0445591
      102.938       0.368933       0.368933
      102.970      -0.183755      -0.183755
      103.001      0.0724573      0.0724573
      103.032      -0.211135      -0.211135
      103.063      0.0886078      0.0886078
      103.095      -0.141364      -0.141364
      103.126       0.546324       0.546324
      103.157      -0.545254      -0.545254
      103.188     -0.0683656     -0.0683656
      103.220       0.318958       0.318958
      103.251      -0.164547      -0.164547
      103.282       0.367883       0.367883
      103.313      -0.676345      -0.676345
      103.345       0.525000       0.525000
      103.376      0.0726972      0.0726972
      103.407      -0.251974      -0.251974
      103.438       0.113142       0.113142
      103.470      -0.340434      -0.340434
      103.501       0.163848       0.163848
      103.532       0.119082       0.119082
      103.563      -0.135107      -0.135107
      103.595       0.418284       0.418284
      103.626      -0.209285      -0.209285
      103.657     -0.0299928     -0.0299928
      103.688     -0.0505193     -0.0505193
      103.720      -0.292382      -0.292382
      103.751       0.257349       0.257349
      103.782      -0.228244      -0.228244
      103.813       0.322673       0.322673
      103.845      0.0597951      0.0597951
      103.876     -0.0287876     -0.0287876
      103.907      -0.129137      -0.129137
      103.938      0.0634847      0.0634847
      103.970      -0.166930      -0.166930
      104.001       0.282901       0.282901
      104.032      -0.498540      -0.498540
      104.063       0.540002       0.540002
      104.095      0.0452780      0.0452780
      104.126      -0.461206      -0.461206
      104.157       0.722750       0.722750
      104.188       -1.45879       -1.45879
      104.220        1.48447        1.48447
      104.251       -1.05104       -1.05104
      104.282       0.933014       0.933014
      104.313      -0.306139      -0.306139
      104.345      -0.315985      -0.315985
      104.376       0.169370       0.169370
      104.407      0.0917603      0.0917603
      104.438       0.431998       0.431998
      104.470     -0.0169539     -0.0169539
      104.501      -0.699087      -0.699087
      104.532      -0.779807      -0.779807
      104.563       0.403397       0.403397
      104.595        1.00053        1.00053
      104.626       0.184370       0.184370
      104.657      -0.367261      -0.367261
      104.688      -0.516524      -0.516524
      104.720      0.0438668      0.0438668
      104.751       0.863308       0.863308
      104.782      -0.564152      -0.564152
      104.813       0.308597       0.308597
      104.845       -1.33440       -1.33440
      104.876        1.15594        1.15594
      104.907       0.605431       0.605431
      104.938       -1.16440       -1.16440
      104.970       0.411897       0.411897
      105.001       -1.11898       -1.11898
      105.032        1.94377        1.94377
      105.063      -0.335120      -0.335120
      105.095      -0.524716      -0.524716
      105.126      -0.221941      -0.221941
      105.157      -0.609499      -0.609499
      105.188        1.10544        1.10544
      105.220     -0.0186324     -0.0186324
      105.251      0.0994940      0.0994940
      105.282      -0.409244      -0.409244
      105.313      -0.302449      -0.302449
      105.345       0.454486       0.454486
      105.376       0.530060       0.530060
      105.407      -0.851423      -0.851423
      105.438       0.137978       0.137978
      105.470      -0.260062      -0.260062
      105.501       0.556826       0.556826
      105.532      0.0729342      0.0729342
      105.563      -0.477908      -0.477908
      105.595    -0.00392592    -0.00392592
      105.626      0.0610113      0.0610113
      105.657       0.315204       0.315204
      105.688       0.288484       0.288484
      105.720      -0.929176      -0.929176
      105.751       0.635880       0.635880
      105.782      -0.299590      -0.299590
      105.813       0.395754       0.395754
      105.845       0.485209       0.485209
      105.876       -1.28175       -1.28175
      105.907       0.104671       0.104671
      105.938       0.206675       0.206675
      105.970       0.740907       0.740907
      106.001     -0.0413006     -0.0413006
      106.032       -1.30351       -1.30351
      106.063       0.504299       0.504299
      106.095       0.415514       0.415514
      106.126       0.774995       0.774995
      106.157      -0.843691      -0.843691
      106.188      -0.419916      -0.419916
      106.220     -0.0637408     -0.0637408
      106.251        1.15444        1.15444
      106.282      -0.478785      -0.478785
      106.313      -0.239298      -0.239298
      106.345      -0.548863      -0.548863
      106.376       0.495249       0.495249
      106.407       0.388741       0.388741
      106.438     -0.0979437     -0.0979437
      106.470      -0.386738      -0.386738
      106.501      0.0960414      0.0960414
      106.532      -0.171463      -0.171463
      106.563       0.333285       0.333285
      106.595       0.432036      0.0509788
      106.626        4.33775     -0.0433852
      106.657        4.97378      -0.140003
      106.688        4.79742       0.113480
      106.720        2.83078       0.160161
      106.751       0.100312       0.100312
      106.782      -0.821155      -0.821155
      106.813       0.198197       0.198197
      106.845       0.233282       0.233282
      106.876       0.482837       0.482837
      106.907      -0.296759      -0.296759
      106.938      -0.486201      -0.486201
      106.970       0.411774       0.411774
      107.001       0.156982       0.156982
      107.032    -0.00154960    -0.00154960
      107.063     -0.0263530     -0.0263530
      107.095       -1.10134       -1.10134
      107.126        1.08369        1.08369
      107.157       0.118070       0.118070
      107.188       0.104408       0.104408
      107.220      -0.320872      -0.320872
      107.251      -0.708990      -0.708990
      107.282       0.654576       0.654576
      107.313       0.206188       0.206188
      107.345       0.163450       0.163450
      107.376      -0.498974      -0.498974
      107.407      -0.585540      -0.585540
      107.438        1.21856        1.21856
      107.470     -0.0371356     -0.0371356
      107.501      -0.306929      -0.306929
      107.532      -0.512755      -0.512755
      107.563      -0.303241      -0.303241
      107.595       0.719298       0.719298
      107.626       0.403766       0.403766
      107.657      -0.777903      -0.777903
      107.688       0.627581       0.627581
      107.720      -0.865904      -0.865904
      107.751       0.946611       0.946611
      107.782       0.110196       0.110196
      107.813      -0.568398      -0.568398
      107.845     -0.0211401     -0.0211401
      107.876      -0.616583      -0.616583
      107.907       0.917024       0.917024
      107.938       0.262735       0.262735
      107.970      -0.735331      -0.735331
      108.001       0.158080       0.158080
      108.032      -0.291234      -0.291234
      108.063       0.670603       0.670603
      108.095     -0.0145655     -0.0145655
      108.126      -0.470739      -0.470739
      108.157       0.359982       0.359982
      108.188      -0.359453      -0.359453
      108.220       0.455187       0.455187
      108.251      0.0955992      0.0955992
      108.282       -1.01472       -1.01472
      108.313       0.689229       0.689229
      108.345      -0.177111      -0.177111
      108.376       0.841940       0.841940
      108.407      -0.669601      -0.669601
      108.438      -0.444299      -0.444299
      108.470       0.191886       0.191886
      108.501       0.348917       0.348917
      108.532       0.705908    -0.00107229
      108.563       0.852839     -0.0727280
      108.595      -0.434056     -0.0764469
      108.626      0.0957688      -0.203508
      108.657      0.0651143      0.0651143
      108.688       0.517799       0.517799
      108.720       0.228156       0.228156
      108.751       -1.04969       -1.04969
      108.782       0.406233       0.406233
      108.813       0.248620       0.248620
      108.845      -0.124575      -0.124575
      108.876       0.122275       0.122275
      108.907      -0.673505      -0.673505
      108.938       0.303102       0.303102
      108.970       0.322975       0.322975
      109.001      0.0540566      0.0540566
      109.032        1.97750      -0.147794
      109.063        5.48993     -0.0374835
      109.095        4.44082    -0.00788593
      109.126        4.27706       0.118300
      109.157       0.953392      0.0143726
      109.188     -0.0752742     -0.0752742
      109.220      -0.370008      -0.370008
      109.251       0.641132       0.641132
      109.282      -0.331359      -0.331359
      109.313      -0.331637      -0.110015
      109.345      -0.636925     -0.0405488
      109.376      -0.374801      -0.118810
      109.407      -0.105308     -0.0390790
      109.438       0.328084       0.328084
      109.470       0.688653       0.688653
      109.501      -0.702223      -0.702223
      109.532       0.306426       0.306426
      109.563      -0.400434      -0.400434
      109.595      -0.641422     -0.0242734
      109.626       0.421531     0.00591469
      109.657        14.0418       0.119797
      109.688        22.9611       0.181964
      109.720        13.6873      -0.211432
      109.751        5.78760     -0.0895379
      109.782      -0.371850      -0.371850
      109.813        1.50789        1.50789
      109.845       -1.89276       -1.89276
      109.876       0.967379       0.967379
      109.907      -0.461749      -0.461749
      109.938        1.12665        1.12665
      109.970      -0.644831      -0.644831
      110.001      -0.198956      -0.198956
      110.032        1.16535     -0.0865946
      110.063        34.7913       0.161115
      110.095        100.777      0.0127120
      110.126        81.7494   1.66893e-006
      110.157        33.5305    -0.00736618
      110.188        2.38859    -0.00982380
      110.220      -0.790388     0.00139904
      110.251      0.0315723      0.0315723
      110.282        1.78251      -0.158547
      110.313        1.10962      0.0494246
      110.345       0.945195       0.292291
      110.376       0.450170       0.450170
      110.407       -1.18039       -1.18039
      110.438       0.178173       0.178173
      110.470       0.507303       0.507303
      110.501       0.128794       0.128794
      110.532      -0.210390      -0.210390
      110.563      -0.173067      -0.173067
      110.595       0.461888     -0.0258813
      110.626       0.674901      0.0464306
      110.657       0.120260       0.170205
      110.688      0.0967755      0.0967755
      110.720      -0.349204      -0.349204
      110.751      -0.186322      -0.186322
      110.782       0.707343       0.707343
      110.813      -0.150239      -0.150239
      110.845      -0.111436      -0.111436
      110.876      -0.137259      -0.137259
      110.907       0.388217       0.388217
      110.938      0.0864539      0.0864539
      110.970       -2.40266       -2.40266
      111.001        1.79163        1.79163
      111.032       0.735991       0.735991
      111.063     -0.0555562     -0.0555562
      111.095      -0.504056      -0.504056
      111.126       0.000000       0.000000
      111.157       0.000000       0.000000
      111.188       0.000000       0.000000
      111.220       0.000000       0.000000
      111.251       0.000000       0.000000
      111.282       0.000000       0.000000
      111.313       0.000000       0.000000
      111.345       0.000000       0.000000
      111.376       0.000000       0.000000
      111.407       0.000000       0.000000
      111.438       0.000000       0.000000
      111.470       0.000000       0.000000
      111.501       0.000000       0.000000
      111.532       0.000000       0.000000
      111.563       0.000000       0.000000
      111.595       0.000000       0.000000
      111.626       0.000000       0.000000
      111.657       0.000000       0.000000
      111.688       0.000000       0.000000
      111.720       0.000000       0.000000
      111.751       0.000000       0.000000
      111.782       0.000000       0.000000
      111.813       0.000000       0.000000
      111.845       0.000000       0.000000
      111.876       0.000000       0.000000
      111.907       0.000000       0.000000
      111.938       0.000000       0.000000
      111.970       0.000000       0.000000
      112.001       0.000000       0.000000
      112.032       0.000000       0.000000
      112.063       0.000000       0.000000
      112.095       0.000000       0.000000
      112.126       0.000000       0.000000
      112.157       0.000000       0.000000
      112.188       0.000000       0.000000
      112.220       0.000000       0.000000
