 frec (GHz), ta[mK],cont_sinlineas
      71.7195       0.000000       0.000000
      71.7508       0.000000       0.000000
      71.7820       0.000000       0.000000
      71.8133       0.000000       0.000000
      71.8445       0.000000       0.000000
      71.8758       0.000000       0.000000
      71.9070       0.000000       0.000000
      71.9383       0.000000       0.000000
      71.9695       0.000000       0.000000
      72.0008       0.000000       0.000000
      72.0320       0.000000       0.000000
      72.0633       0.000000       0.000000
      72.0945       0.000000       0.000000
      72.1258       0.000000       0.000000
      72.1570       0.000000       0.000000
      72.1883       0.000000       0.000000
      72.2195       0.000000       0.000000
      72.2508       0.000000       0.000000
      72.2820       0.000000       0.000000
      72.3133       0.000000       0.000000
      72.3445       0.000000       0.000000
      72.3758       0.000000       0.000000
      72.4070       0.000000       0.000000
      72.4383       0.000000       0.000000
      72.4695       0.000000       0.000000
      72.5008       0.000000       0.000000
      72.5320       0.000000       0.000000
      72.5633       0.000000       0.000000
      72.5945       0.000000       0.000000
      72.6258       0.000000       0.000000
      72.6570       0.000000       0.000000
      72.6883       0.000000       0.000000
      72.7195       0.000000       0.000000
      72.7508       0.000000       0.000000
      72.7820       0.000000       0.000000
      72.8133       0.000000       0.000000
      72.8445       0.000000       0.000000
      72.8758       0.000000       0.000000
      72.9070     0.00235442     0.00235442
      72.9383      0.0226117      0.0226117
      72.9695    -0.00920372    -0.00920372
      73.0008     -0.0966486     -0.0966486
      73.0320     -0.0267857     -0.0267857
      73.0633       0.218725       0.218725
      73.0945       0.122628       0.122628
      73.1258      -0.443770      -0.443770
      73.1570       0.148987       0.148987
      73.1883      0.0772171      0.0772171
      73.2195       0.315603       0.315603
      73.2508      -0.404939      -0.404939
      73.2820      -0.382556      -0.382556
      73.3133       0.293732       0.293732
      73.3445       0.568712       0.568712
      73.3758      -0.271544      -0.271544
      73.4070     -0.0619840      -0.148918
      73.4383       0.529406     -0.0126755
      73.4695       0.433336   -0.000399575
      73.5008      -0.124906      -0.124906
      73.5320       0.230078       0.230078
      73.5633     -0.0511400     -0.0511400
      73.5945     -0.0634705     -0.0634705
      73.6258       0.166381       0.166381
      73.6570      -0.208734      -0.208734
      73.6883     -0.0823182     -0.0823182
      73.7195       0.243038       0.243038
      73.7508       0.125028       0.125028
      73.7820      -0.340861      -0.340861
      73.8133     0.00557129     0.00557129
      73.8445       0.163599       0.163599
      73.8758     -0.0999204     -0.0999204
      73.9070       0.140444       0.140444
      73.9383     -0.0257680     -0.0257680
      73.9695       0.229915      0.0147873
      74.0008       0.302351      0.0352002
      74.0320       0.753845     -0.0121279
      74.0633      -0.252609      -0.252609
      74.0945     -0.0481934     -0.0481934
      74.1258       0.253509       0.253509
      74.1570       0.128281       0.128281
      74.1883      -0.205290      -0.205290
      74.2195      -0.137946      -0.137946
      74.2508       0.193508       0.193508
      74.2820      0.0163432      0.0163432
      74.3133      0.0799743      0.0799743
      74.3445      -0.134324      -0.134324
      74.3758      0.0518428      0.0518428
      74.4070     -0.0452809     -0.0452809
      74.4383    -0.00525588    -0.00525588
      74.4695      0.0835986     0.00869457
      74.5008       0.326191      0.0175631
      74.5320      -0.133469     -0.0104879
      74.5633     -0.0606895     -0.0606895
      74.5945      0.0506012      0.0506012
      74.6258      0.0358713      0.0358713
      74.6570       0.113593       0.113593
      74.6883      -0.167176      -0.167176
      74.7195     -0.0579306     -0.0579306
      74.7508     -0.0195209     -0.0195209
      74.7820       0.106464       0.106464
      74.8133     -0.0490555     -0.0490555
      74.8445       0.280457       0.280457
      74.8758      0.0727841      0.0727841
      74.9070      -0.555952      -0.555952
      74.9383      -0.121435      -0.121435
      74.9695       0.484061       0.484061
      75.0008       0.166042       0.166042
      75.0320      -0.350806      -0.350806
      75.0633      0.0550016      0.0550016
      75.0945      0.0265812      0.0265812
      75.1258     -0.0185177     -0.0185177
      75.1570      -0.159568      -0.159568
      75.1883       0.196782       0.196782
      75.2195      0.0178238      0.0178238
      75.2508     -0.0382118     -0.0382118
      75.2820       0.141368       0.141368
      75.3133      -0.141029      -0.141029
      75.3445     -0.0646489     -0.0145977
      75.3758       0.733159      0.0189139
      75.4070      0.0406127     -0.0504833
      75.4383      -0.139638      -0.139638
      75.4695       0.229495       0.229495
      75.5008       0.135683       0.135683
      75.5320      -0.261904      -0.261904
      75.5633     0.00924668     0.00924668
      75.5945      0.0662976      0.0662976
      75.6258      0.0256234      0.0256234
      75.6570      0.0241088      0.0241088
      75.6883     -0.0887507     -0.0887507
      75.7195    -0.00217806    -0.00217806
      75.7508      0.0308506      0.0308506
      75.7820     0.00111785     0.00111785
      75.8133      0.0435930      0.0435930
      75.8445       0.197871       0.197871
      75.8758      -0.348262      -0.348262
      75.9070      0.0587500      0.0587500
      75.9383      0.0421806      0.0421806
      75.9695      -0.109677      -0.109677
      76.0008       0.271837       0.271837
      76.0320      -0.163604      -0.163604
      76.0633     -0.0764386     -0.0764386
      76.0945       0.384828       0.384828
      76.1258      -0.419037      -0.419037
      76.1570      -0.170593      -0.170593
      76.1883       0.402913       0.402913
      76.2195      0.0639323      0.0639323
      76.2508     -0.0686674     -0.0686674
      76.2820      -0.273322      -0.273322
      76.3133       0.311578       0.311578
      76.3445      -0.169461      -0.169461
      76.3758      -0.261191      -0.261191
      76.4070       0.402259       0.402259
      76.4383       0.162139       0.162139
      76.4695      -0.415309      -0.415309
      76.5008      0.0950234      0.0950234
      76.5320      0.0311487      0.0311487
      76.5633       0.177937       0.177937
      76.5945      -0.173330      -0.173330
      76.6258      -0.131194      -0.131194
      76.6570      0.0184024      0.0184024
      76.6883       0.241063       0.241063
      76.7195     -0.0545265     -0.0545265
      76.7508     -0.0253208     -0.0253208
      76.7820      0.0506060      0.0506060
      76.8133      -0.124884      -0.124884
      76.8445      -0.101722      -0.101722
      76.8758       0.134788       0.134788
      76.9070    -0.00214253    -0.00214253
      76.9383       0.113128       0.113128
      76.9695      -0.102727      -0.102727
      77.0008      -0.136651      -0.136651
      77.0320       0.276969       0.276969
      77.0633      -0.130051      -0.130051
      77.0945     -0.0896558     -0.0896558
      77.1258      0.0883433      0.0883433
      77.1570       0.101825       0.101825
      77.1883      -0.255857      -0.255857
      77.2195      0.0139216      0.0139216
      77.2508       0.161115       0.161115
      77.2820       0.225178       0.225178
      77.3133      -0.316511      -0.316511
      77.3445       0.133030       0.133030
      77.3758      -0.209765      -0.209765
      77.4070      -0.107565      -0.107565
      77.4383       0.418622       0.418622
      77.4695      0.0890901      0.0890901
      77.5008      -0.337514      -0.337514
      77.5320      -0.280892      -0.280892
      77.5633       0.304363       0.304363
      77.5945       0.384376       0.384376
      77.6258      -0.296714      -0.296714
      77.6570       0.111199       0.111199
      77.6883      -0.231839      -0.231839
      77.7195       0.127366     -0.0536519
      77.7508       0.664549    -0.00718129
      77.7820       0.501180      0.0827968
      77.8133       0.201827       0.201827
      77.8445     -0.0315500     -0.0315500
      77.8758      0.0324746      0.0324746
      77.9070      -0.299811      -0.299811
      77.9383     -0.0575772     -0.0575772
      77.9695       0.185526       0.185526
      78.0008       0.185855       0.185855
      78.0320     0.00413390     0.00413390
      78.0633      -0.330168      -0.330168
      78.0945       0.365793       0.365793
      78.1258      -0.166097      -0.166097
      78.1570      -0.380076      -0.380076
      78.1883       0.465676       0.465676
      78.2195      -0.141029      -0.141029
      78.2508       0.249137       0.249137
      78.2820      -0.491196      -0.491196
      78.3133       0.338626       0.338626
      78.3445     -0.0616271     -0.0616271
      78.3758       0.121375       0.121375
      78.4070     -0.0375926     -0.0375926
      78.4383      -0.400538      -0.400538
      78.4695       0.294569       0.294569
      78.5008       0.183179       0.183179
      78.5320      -0.195489      -0.195489
      78.5633       0.117582       0.117582
      78.5945      -0.121891      -0.121891
      78.6258      0.0722393      0.0722393
      78.6570      -0.289121      -0.289121
      78.6883       0.199551       0.199551
      78.7195       0.286137       0.286137
      78.7508     -0.0816820     -0.0816820
      78.7820      -0.298961      -0.298961
      78.8133      0.0663558      0.0663558
      78.8445      0.0334226      0.0334226
      78.8758      -0.135941      -0.135941
      78.9070       0.274375       0.274375
      78.9383       0.251986       0.251986
      78.9695      -0.353430      -0.353430
      79.0008      0.0270795      -0.123590
      79.0320       0.660952     0.00788793
      79.0633      -0.416057      0.0327077
      79.0945     -0.0335207     -0.0335207
      79.1258       0.315414       0.315414
      79.1570     -0.0998471     -0.0998471
      79.1883      0.0282397      0.0282397
      79.2195      -0.480669      -0.480669
      79.2508       0.656228       0.656228
      79.2820      -0.387138      -0.387138
      79.3133       0.173051       0.173051
      79.3445      -0.190887      -0.190887
      79.3758     -0.0336257     -0.0336257
      79.4070       0.235713       0.235713
      79.4383     -0.0329997     -0.0329997
      79.4695      0.0213331      0.0213331
      79.5008      -0.161258      -0.161258
      79.5320      0.0496287      0.0496287
      79.5633     -0.0249005     -0.0249005
      79.5945      0.0442157      0.0442157
      79.6258      0.0236993      0.0236993
      79.6570       0.124392       0.124392
      79.6883      -0.142203      -0.142203
      79.7195      0.0254528     -0.0443142
      79.7508       0.307144     0.00861509
      79.7820       0.290481      0.0280826
      79.8133       0.154013    0.000853691
      79.8445      0.0192606      0.0192606
      79.8758       0.109811      0.0244328
      79.9070       0.522699     -0.0213954
      79.9383       0.241732     -0.0519732
      79.9695     -0.0493565     -0.0493565
      80.0008       0.211073       0.211073
      80.0320     -0.0931671     -0.0931671
      80.0633      -0.132180      -0.132180
      80.0945      0.0619896      0.0619896
      80.1258       0.225368       0.225368
      80.1570      -0.169319      -0.169319
      80.1883      -0.146752      -0.146752
      80.2195      0.0665539      0.0665539
      80.2508       0.161245       0.161245
      80.2820     -0.0656425     -0.0656425
      80.3133      -0.205867      -0.205867
      80.3445       0.222730       0.222730
      80.3758       0.217151       0.217151
      80.4070      -0.250793      -0.250793
      80.4383      -0.239933      -0.239933
      80.4695       0.150414       0.150414
      80.5008       0.262472       0.262472
      80.5320      -0.183356      -0.183356
      80.5633      -0.158208      -0.158208
      80.5945     0.00226630     0.00226630
      80.6258       0.269569       0.269569
      80.6570       0.170381       0.170381
      80.6883      -0.287019      -0.287019
      80.7195      -0.195988      -0.195988
      80.7508      0.0976236      0.0976236
      80.7820       0.195120       0.195120
      80.8133     0.00164421     0.00164421
      80.8445      -0.179278      -0.179278
      80.8758      0.0322892      0.0322892
      80.9070       0.133364       0.133364
      80.9383     -0.0342738     -0.0342738
      80.9695     -0.0988776     -0.0988776
      81.0008      -0.109138      -0.109138
      81.0320       0.136688       0.136688
      81.0633       0.178392       0.178392
      81.0945     -0.0705903     -0.0705903
      81.1258      -0.158381      -0.158381
      81.1570     -0.0325379     -0.0325379
      81.1883       0.241705       0.241705
      81.2195      -0.137332      -0.137332
      81.2508      -0.113081      -0.113081
      81.2820      0.0753339      0.0753339
      81.3133       0.110195       0.110195
      81.3445     -0.0149977     -0.0149977
      81.3758      -0.103872      -0.103872
      81.4070     -0.0404239     -0.0404239
      81.4383      0.0494927      0.0494927
      81.4695       0.172179       0.172179
      81.5008     -0.0297525     -0.0297525
      81.5320      -0.124890      -0.124890
      81.5633     -0.0752326     -0.0752326
      81.5945      0.0771151      0.0771151
      81.6258     -0.0408142     -0.0408142
      81.6570      0.0740021      0.0740021
      81.6883       0.324133      0.0119632
      81.7195       0.540074    -0.00174858
      81.7508       0.356764     -0.0139681
      81.7820       0.124344    -0.00238503
      81.8133     -0.0241107     -0.0241107
      81.8445     0.00312501     0.00312501
      81.8758      -0.117053     0.00774650
      81.9070      -0.329396     -0.0389087
      81.9383       0.100920     -0.0195546
      81.9695       0.545879      0.0800553
      82.0008       0.176260       0.176260
      82.0320      -0.206556      -0.206556
      82.0633     -0.0949126     -0.0949126
      82.0945       0.169870       0.169870
      82.1258      0.0152731      0.0152731
      82.1570      -0.260198      -0.260198
      82.1883       0.139998       0.139998
      82.2195       0.171665       0.171665
      82.2508      -0.134226      -0.134226
      82.2820     -0.0657806     -0.0657806
      82.3133      0.0546372      0.0546372
      82.3445     0.00888747     0.00888747
      82.3758      0.0289632      0.0289632
      82.4070      0.0713143      0.0713143
      82.4383      -0.104444      -0.104444
      82.4695     -0.0375499     -0.0375499
      82.5008       0.118164       0.118164
      82.5320     -0.0303603     -0.0303603
      82.5633      -0.194503      -0.194503
      82.5945       0.140185       0.140185
      82.6258      0.0495210      0.0495210
      82.6570      -0.105331      -0.105331
      82.6883       0.169480       0.169480
      82.7195      0.0364125      0.0364125
      82.7508      -0.225924      -0.225924
      82.7820      0.0971403      0.0971403
      82.8133       0.149049       0.149049
      82.8445      -0.361414      -0.361414
      82.8758      0.0338355      0.0338355
      82.9070       0.249242       0.249242
      82.9383     -0.0413547     -0.0413547
      82.9695     -0.0727356     -0.0727356
      83.0008       0.176899       0.176899
      83.0320      -0.117271      -0.117271
      83.0633     -0.0907773     -0.0907773
      83.0945       0.152837       0.152837
      83.1258     -0.0742732     -0.0742732
      83.1570     -0.0668586     -0.0668586
      83.1883    -0.00437983    -0.00437983
      83.2195     -0.0594653     -0.0594653
      83.2508       0.195672       0.195672
      83.2820       0.114640       0.114640
      83.3133      -0.139537      -0.139537
      83.3445      -0.156692      -0.156692
      83.3758      0.0127798      0.0127798
      83.4070     0.00101602     0.00101602
      83.4383       0.159697       0.159697
      83.4695      0.0981630      0.0981630
      83.5008      -0.140252      -0.140252
      83.5320      -0.183284      -0.183284
      83.5633      0.0691642      0.0691642
      83.5945      0.0677408      0.0677408
      83.6258       0.116888       0.116888
      83.6570      0.0239473      0.0239473
      83.6883      -0.139824      -0.139824
      83.7195    -0.00738850    -0.00738850
      83.7508      0.0282799      0.0282799
      83.7820      0.0317039      0.0317039
      83.8133     -0.0606190     -0.0606190
      83.8445      -0.108737      -0.108737
      83.8758       0.191329       0.191329
      83.9070       0.133102       0.133102
      83.9383      -0.169334      -0.169334
      83.9695      -0.185913      -0.185913
      84.0008       0.103494       0.103494
      84.0320     -0.0210415     -0.0210415
      84.0633       0.200105       0.200105
      84.0945      0.0571433      0.0571433
      84.1258      -0.157018      -0.157018
      84.1570      -0.136592      -0.136592
      84.1883      0.0429666      0.0429666
      84.2195       0.135840       0.135840
      84.2508     -0.0160012     -0.0160012
      84.2820     -0.0931939     -0.0931939
      84.3133     0.00544299     0.00544299
      84.3445      0.0512444      0.0512444
      84.3758      0.0421244      0.0421244
      84.4070     -0.0686215     -0.0686215
      84.4383      0.0494494      0.0494494
      84.4695     -0.0121179     -0.0121179
      84.5008      0.0352049      0.0352049
      84.5320     0.00382239     0.00382239
      84.5633      -0.156250      -0.156250
      84.5945      0.0402845      0.0402845
      84.6258       0.119833       0.119833
      84.6570     -0.0881742     -0.0881742
      84.6883     -0.0525511     -0.0525511
      84.7195       0.226168       0.226168
      84.7508      0.0299606      0.0299606
      84.7820      -0.322599      -0.322599
      84.8133     -0.0814708     -0.0814708
      84.8445       0.360614       0.360614
      84.8758    -0.00517129    -0.00517129
      84.9070      -0.221007      -0.221007
      84.9383      0.0955759      0.0955759
      84.9695      0.0449565      0.0449565
      85.0008      -0.169356      -0.169356
      85.0320      0.0725129      0.0725129
      85.0633       0.243792       0.243792
      85.0945      -0.118943      -0.118943
      85.1258     -0.0818143     -0.0818143
      85.1570       0.233175    -0.00336947
      85.1883       0.555216     -0.0377435
      85.2195       0.463068      -0.164649
      85.2508      -0.240054       0.236304
      85.2820      -0.176152      0.0720176
      85.3133      -0.142266    -0.00515288
      85.3445      -0.172389     -0.0657088
      85.3758     -0.0566966     -0.0566966
      85.4070     -0.0735996     -0.0735996
      85.4383       0.163714       0.163714
      85.4695     -0.0183404     -0.0183404
      85.5008      -0.111289      0.0143127
      85.5320       0.166053    -0.00412972
      85.5633     -0.0728398     -0.0405675
      85.5945      -0.220291      -0.220291
      85.6258       0.126295       0.126295
      85.6570       0.110602       0.110602
      85.6883       0.254203       0.254203
      85.7195      -0.139631      -0.139631
      85.7508      -0.370965      -0.370965
      85.7820       0.133651       0.133651
      85.8133      0.0791268      0.0791268
      85.8445       0.125268       0.125268
      85.8758      -0.130372      -0.130372
      85.9070      0.0975616      0.0975616
      85.9383      -0.150204      -0.150204
      85.9695      0.0376717      0.0376717
      86.0008       0.143802       0.143802
      86.0320      -0.158677      -0.158677
      86.0633       0.295347       0.295347
      86.0945      -0.469719      -0.469719
      86.1258       0.161999       0.161999
      86.1570      -0.242748       0.100178
      86.1883       0.648983      0.0503220
      86.2195     -0.0632886      -0.111332
      86.2508     -0.0671036     -0.0671036
      86.2820       0.131880       0.131880
      86.3133     -0.0138868     -0.0138868
      86.3445      -0.110565      -0.110565
      86.3758       0.188036       0.188036
      86.4070     0.00634816     0.00634816
      86.4383      -0.116990      -0.116990
      86.4695     -0.0676586     -0.0676586
      86.5008     -0.0154619     -0.0154619
      86.5320       0.111542       0.111542
      86.5633      -0.227134      0.0214878
      86.5945      0.0198437     -0.0170332
      86.6258      0.0253218     -0.0225113
      86.6570     -0.0446568      0.0502160
      86.6883       0.347661     0.00132695
      86.7195      0.0312144     -0.0593227
      86.7508      -0.157631      -0.157631
      86.7820       0.230503       0.230503
      86.8133      -0.121799      -0.121799
      86.8445     0.00196482     0.00196482
      86.8758       0.211594       0.211594
      86.9070      0.0177127      0.0177127
      86.9383      -0.310938      -0.310938
      86.9695      -0.275277      -0.275277
      87.0008       0.617927       0.617927
      87.0320      0.0195894      0.0195894
      87.0633      -0.212851      -0.212851
      87.0945       0.596709     -0.0994758
      87.1258        1.57523      0.0622155
      87.1570        3.02503      0.0242485
      87.1883        2.19191  -3.87430e-007
      87.2195        1.19928  -1.19209e-007
      87.2508        1.48642     0.00146157
      87.2820       0.749792      0.0181836
      87.3133       0.475266    -0.00984082
      87.3445     -0.0454418     -0.0454418
      87.3758     -0.0100487     -0.0100487
      87.4070       0.159390       0.159390
      87.4383     -0.0704413     -0.0704413
      87.4695      -0.187079      -0.187079
      87.5008       0.106711       0.106711
      87.5320      0.0684621      0.0684621
      87.5633      -0.185736      -0.185736
      87.5945       0.328236       0.328236
      87.6258     -0.0653929     -0.0653929
      87.6570     -0.0825493     -0.0825493
      87.6883     -0.0944159     -0.0944159
      87.7195       0.106196      0.0380684
      87.7508       0.934321      0.0312797
      87.7820       0.569933      0.0219944
      87.8133     -0.0391997     -0.0230703
      87.8445     -0.0927174     -0.0927174
      87.8758     0.00691807     0.00691807
      87.9070       0.116421       0.116421
      87.9383       0.154369       0.154369
      87.9695     -0.0915059     -0.0915059
      88.0008      -0.192256      -0.192256
      88.0320     -0.0172655     -0.0172655
      88.0633       0.115139       0.115139
      88.0945     -0.0925405     -0.0925405
      88.1258       0.134003       0.134003
      88.1570       0.154202       0.154202
      88.1883      -0.134405      -0.134405
      88.2195     -0.0702826     -0.0702826
      88.2508      -0.154621      -0.154621
      88.2820      0.0436257      0.0436257
      88.3133       0.179199       0.179199
      88.3445       0.118736       0.118736
      88.3758      -0.174609      -0.174609
      88.4070        1.00128     -0.0590299
      88.4383        6.10050      0.0229931
      88.4695        12.9671      0.0338550
      88.5008        6.15956      0.0313119
      88.5320       0.125374     -0.0705033
      88.5633       0.244344     -0.0336099
      88.5945     -0.0236884     -0.0236884
      88.6258       0.334616       0.334616
      88.6570      -0.433291      -0.433291
      88.6883       0.242901       0.242901
      88.7195       0.193621       0.193621
      88.7508      -0.125480      -0.125480
      88.7820      -0.236388      -0.236388
      88.8133      -0.124282      -0.124282
      88.8445       0.208850       0.208850
      88.8758       0.129754       0.129754
      88.9070     -0.0437104     -0.0437104
      88.9383       0.101001     -0.0550076
      88.9695       0.848349    -0.00360256
      89.0008        5.82439     0.00850999
      89.0320        9.10010    -0.00396663
      89.0633        2.84723    -0.00324190
      89.0945      0.0223559     0.00994629
      89.1258      0.0252252      0.0252252
      89.1570    -0.00925213    -0.00925213
      89.1883     -0.0333676     -0.0333676
      89.2195      -0.229502     -0.0478490
      89.2508       0.510680     -0.0155676
      89.2820      0.0320038      0.0608119
      89.3133       0.187968       0.187968
      89.3445      -0.138271      -0.138271
      89.3758      0.0269137     -0.0605299
      89.4070       0.845320      0.0453331
      89.4383       0.255083      0.0606135
      89.4695      -0.111242      -0.111242
      89.5008      -0.161983      -0.161983
      89.5320       0.134967       0.134967
      89.5633       0.219946       0.219946
      89.5945      -0.188865      -0.188865
      89.6258      0.0446105      0.0446105
      89.6570     -0.0341829     -0.0341829
      89.6883      0.0432386      0.0432386
      89.7195      0.0541441      0.0541441
      89.7508      -0.154875      -0.154875
      89.7820     0.00224349     0.00224349
      89.8133       0.156500       0.156500
      89.8445      -0.131778      -0.131778
      89.8758       0.174386       0.174386
      89.9070      -0.182168      -0.182168
      89.9383      0.0903285      0.0903285
      89.9695      -0.102920      -0.102920
      90.0008       0.108908       0.108908
      90.0320      -0.198144      -0.198144
      90.0633       0.235462       0.235462
      90.0945      -0.140833      -0.140833
      90.1258       0.238520       0.238520
      90.1570     -0.0735134     -0.0735134
      90.1883      -0.180365      -0.180365
      90.2195     0.00180680     0.00180680
      90.2508       0.302749      0.0705932
      90.2820       0.787818      0.0331893
      90.3133       0.193893     -0.0139153
      90.3445     -0.0293744     -0.0293744
      90.3758     -0.0291177     -0.0291177
      90.4070      0.0510118      0.0510118
      90.4383       0.374346      0.0147233
      90.4695        1.44429    -0.00787757
      90.5008        3.73788     -0.0173743
      90.5320        1.93727     -0.0184248
      90.5633     -0.0121774     -0.0292981
      90.5945      0.0889049      0.0889049
      90.6258      0.0979413      0.0979413
      90.6570     -0.0404864     -0.0404864
      90.6883      -0.372337      -0.372337
      90.7195       0.216170       0.216170
      90.7508       0.141595       0.141595
      90.7820      -0.218767      0.0435030
      90.8133       0.673790     -0.0274320
      90.8445       0.981267     -0.0512473
      90.8758      -0.221597      -0.221597
      90.9070      0.0212449      0.0212449
      90.9383       0.242881       0.242881
      90.9695       0.149101       0.149101
      91.0008      -0.180245      -0.180245
      91.0320      -0.353844      -0.353844
      91.0633       0.221629       0.221629
      91.0945       0.208635       0.208635
      91.1258      0.0167072      0.0167072
      91.1570      -0.114762      -0.114762
      91.1883      -0.200211      -0.200211
      91.2195       0.132358       0.132358
      91.2508      -0.228165      0.0659084
      91.2820     -0.0803618     -0.0251988
      91.3133    -0.00887495     -0.0455327
      91.3445       0.204780      0.0765881
      91.3758      0.0930000      0.0930000
      91.4070      -0.118756      -0.118756
      91.4383      -0.151963      -0.151963
      91.4695       0.193487       0.193487
      91.5008      -0.218200      -0.218200
      91.5320       0.281840       0.281840
      91.5633      0.0648354      0.0648354
      91.5945      -0.240502      -0.240502
      91.6258     -0.0835933     -0.0835933
      91.6570      0.0470606      0.0470606
      91.6883       0.155211       0.155211
      91.7195     -0.0287312     -0.0287312
      91.7508      -0.246411       0.103105
      91.7820       0.561960      -0.136319
      91.8133       0.716054     -0.0352605
      91.8445       0.188534     0.00655746
      91.8758       0.481795      0.0288152
      91.9070       0.594405      0.0228938
      91.9383       0.217626     0.00488707
      91.9695     -0.0300968     -0.0300968
      92.0008     -0.0906943     -0.0906943
      92.0320       0.134634       0.134634
      92.0633    -0.00988664    -0.00988664
      92.0945     -0.0728345     -0.0728345
      92.1258      0.0377429      0.0377429
      92.1570       0.108951       0.108951
      92.1883     -0.0679147     -0.0679147
      92.2195     -0.0732136     -0.0732136
      92.2508     -0.0196850     -0.0196850
      92.2820     -0.0323547     -0.0323547
      92.3133       0.139328       0.139328
      92.3445      0.0735317      0.0735317
      92.3758      -0.111790      -0.111790
      92.4070      -0.167227      -0.167227
      92.4383      0.0908544      0.0908544
      92.4695      0.0973666      0.0973666
      92.5008      0.0133016      0.0133016
      92.5320      0.0722061      0.0722061
      92.5633      -0.100461      -0.100461
      92.5945     -0.0927807     -0.0927807
      92.6258       0.132533       0.132533
      92.6570     -0.0242509     -0.0242509
      92.6883      -0.135060      -0.135060
      92.7195      0.0873075      0.0873075
      92.7508    -0.00504038    -0.00504038
      92.7820     0.00301323     0.00301323
      92.8133       0.123558       0.123558
      92.8445     -0.0865141     -0.0865141
      92.8758     -0.0314046     -0.0314046
      92.9070     -0.0190964     -0.0190964
      92.9383      0.0485659      0.0223064
      92.9695       0.647946     0.00357414
      93.0008        1.24851   -0.000529677
      93.0320       0.810972     -0.0391479
      93.0633      0.0318464     -0.0105120
      93.0945      0.0569043      0.0569043
      93.1258       0.129109       0.129109
      93.1570      -0.119792      -0.119792
      93.1883     0.00537270     0.00537270
      93.2195     -0.0530167     -0.0530167
      93.2508      0.0706010      0.0706010
      93.2820     -0.0749083     -0.0749083
      93.3133      0.0328087      0.0328087
      93.3445     -0.0777441     -0.0777441
      93.3758       0.153941       0.153941
      93.4070     0.00872837     0.00872837
      93.4383     -0.0208350     -0.0208350
      93.4695      -0.161603      -0.161603
      93.5008      0.0409023      0.0409023
      93.5320       0.111775       0.111775
      93.5633     -0.0194638     -0.0194638
      93.5945     -0.0877795     -0.0877795
      93.6258      0.0589665      0.0589665
      93.6570      0.0500731      0.0500731
      93.6883   -0.000191942   -0.000191942
      93.7195     -0.0908579     -0.0908579
      93.7508      0.0488630      0.0488630
      93.7820     0.00338663     0.00338663
      93.8133      0.0109021      0.0109021
      93.8445     -0.0383478     -0.0383478
      93.8758     -0.0967872     -0.0967872
      93.9070      0.0441691      0.0441691
      93.9383       0.192634       0.192634
      93.9695     0.00365911     0.00365911
      94.0008      -0.143797      -0.143797
      94.0320     -0.0863863     -0.0863863
      94.0633      0.0805453      0.0805453
      94.0945      0.0942912      0.0942912
      94.1258     0.00890847     0.00890847
      94.1570      -0.135350      -0.135350
      94.1883      -0.108417      -0.108417
      94.2195       0.197627       0.197627
      94.2508      0.0802569      0.0802569
      94.2820     -0.0718055     -0.0718055
      94.3133     -0.0834541     -0.0834541
      94.3445      0.0871697      0.0871697
      94.3758      -0.119399      -0.119399
      94.4070     -0.0481523     -0.0481523
      94.4383       0.166926       0.166926
      94.4695      0.0541191      0.0541191
      94.5008     -0.0797572     -0.0797572
      94.5320      0.0210333      0.0210333
      94.5633    -0.00614527    -0.00614527
      94.5945     -0.0496137     -0.0496137
      94.6258     -0.0973098     -0.0973098
      94.6570      0.0615880      0.0615880
      94.6883      0.0103637      0.0103637
      94.7195      0.0304167      0.0304167
      94.7508      0.0697291      0.0697291
      94.7820      0.0639054      0.0639054
      94.8133      -0.107671      -0.107671
      94.8445     -0.0524766     -0.0524766
      94.8758       0.131980       0.131980
      94.9070      -0.206274      -0.206274
      94.9383     -0.0438910     -0.0438910
      94.9695       0.133993       0.133993
      95.0008       0.144106       0.144106
      95.0320     -0.0926122     -0.0926122
      95.0633     -0.0393462     -0.0393462
      95.0945      0.0562707      0.0562707
      95.1258      0.0230915      0.0230915
      95.1570      -0.119912      -0.119912
      95.1883      -0.116851      -0.116851
      95.2195       0.148707       0.148707
      95.2508       0.215468       0.215468
      95.2820      -0.155131      -0.155131
      95.3133      -0.152899      -0.152899
      95.3445     0.00315970     0.00315970
      95.3758       0.173918       0.173918
      95.4070     -0.0224220     -0.0224220
      95.4383     -0.0348459     -0.0348459
      95.4695    -0.00588350    -0.00588350
      95.5008     -0.0837016     -0.0837016
      95.5320      0.0615935      0.0615935
      95.5633       0.105293       0.105293
      95.5945     -0.0312824     -0.0312824
      95.6258     -0.0946192     -0.0946192
      95.6570     -0.0125388     -0.0125388
      95.6883      0.0927656      0.0927656
      95.7195     -0.0437641     -0.0437641
      95.7508     -0.0470580     -0.0470580
      95.7820    -0.00985106    -0.00985106
      95.8133      0.0635723      0.0635723
      95.8445       0.100031       0.100031
      95.8758     -0.0620533     -0.0620533
      95.9070     -0.0391573     -0.0391573
      95.9383     -0.0566131     -0.0566131
      95.9695     -0.0286841     -0.0286841
      96.0008       0.137034       0.137034
      96.0320      0.0377553      0.0377553
      96.0633      -0.121730      -0.121730
      96.0945     -0.0467733     -0.0467733
      96.1258      0.0561847      0.0561847
      96.1570      0.0446843      0.0446843
      96.1883     -0.0561846    -0.00692401
      96.2195      0.0947611    -0.00132878
      96.2508       0.255574     -0.0126197
      96.2820      0.0534652     -0.0203857
      96.3133    -0.00811920    -0.00811920
      96.3445      0.0967601      0.0967601
      96.3758     -0.0832819     -0.0832819
      96.4070      -0.100577      -0.100577
      96.4383       0.120608       0.120608
      96.4695      0.0512613      0.0512613
      96.5008     -0.0390811     -0.0390811
      96.5320       0.274950     -0.0191208
      96.5633       0.705845      0.0195858
      96.5945       0.264608    -0.00395663
      96.6258     -0.0607400     -0.0607400
      96.6570     0.00837559     0.00837559
      96.6883      0.0244605      0.0244605
      96.7195     0.00409380     0.00409380
      96.7508     -0.0305778     -0.0305778
      96.7820      0.0852575      0.0852575
      96.8133      0.0421031      0.0421031
      96.8445    -0.00157462    -0.00157462
      96.8758      -0.172890      -0.172890
      96.9070     -0.0290815     -0.0290815
      96.9383      0.0640960      0.0640960
      96.9695      0.0641055      0.0641055
      97.0008   1.75312e-005   1.75312e-005
      97.0320      0.0938526      0.0938526
      97.0633     -0.0733663     -0.0733663
      97.0945     -0.0487676     -0.0487676
      97.1258      -0.113044      -0.113044
      97.1570      0.0881752      0.0881752
      97.1883      0.0872512      0.0872512
      97.2195    -0.00561328    -0.00561328
      97.2508      0.0317727      0.0317727
      97.2820     -0.0598743     -0.0598743
      97.3133     -0.0933991     -0.0933991
      97.3445      0.0335279      0.0335279
      97.3758      0.0156445      0.0156445
      97.4070      0.0747737      0.0747737
      97.4383     0.00910379     0.00910379
      97.4695      -0.131122      -0.131122
      97.5008      0.0370032      0.0370032
      97.5320      0.0274247      0.0274247
      97.5633       0.101468       0.101468
      97.5945    -0.00412527    -0.00412527
      97.6258     -0.0663111     -0.0663111
      97.6570      -0.128265      -0.128265
      97.6883      0.0754088      0.0754088
      97.7195       0.376387      0.0446859
      97.7508       0.462265     0.00519910
      97.7820        1.15279     -0.0167355
      97.8133        1.88823     0.00155710
      97.8445        1.02025    -0.00559108
      97.8758     -0.0238742    -0.00643214
      97.9070     -0.0153628     -0.0153628
      97.9383     0.00313522     0.00313522
      97.9695      0.0408079      0.0408079
      98.0008       0.126097       0.126097
      98.0320     -0.0205039     -0.0205039
      98.0633      -0.330089      -0.330089
      98.0945      0.0426762      0.0426762
      98.1258       0.175898       0.175898
      98.1570      0.0871329      0.0871329
      98.1883      -0.132382      -0.132382
      98.2195       0.168564       0.168564
      98.2508     -0.0681213     -0.0681213
      98.2820     -0.0970330     -0.0970330
      98.3133      0.0249759      0.0249759
      98.3445      -0.113090      -0.113090
      98.3758     -0.0386977     -0.0386977
      98.4070       0.243023       0.243023
      98.4383     -0.0392758     -0.0392758
      98.4695     -0.0163152     -0.0163152
      98.5008      0.0462884      0.0462884
      98.5320      -0.135005      -0.135005
      98.5633     -0.0372344     -0.0372344
      98.5945       0.172143       0.172143
      98.6258       0.111215       0.111215
      98.6570      -0.252284      -0.252284
      98.6883      -0.196744      -0.196744
      98.7195       0.199346       0.199346
      98.7508       0.251228       0.251228
      98.7820      -0.123592      -0.123592
      98.8133       0.178366     -0.0919454
      98.8445       0.401944    0.000887072
      98.8758       0.388556      0.0590520
      98.9070      0.0171205      0.0171205
      98.9383     -0.0451826     -0.0451826
      98.9695      -0.103691      -0.103691
      99.0008      0.0505354      0.0505354
      99.0320      0.0121598      0.0121598
      99.0633      0.0707286      0.0707286
      99.0945     -0.0343325     0.00248636
      99.1258       0.319607     -0.0275037
      99.1570       0.176001     -0.0138013
      99.1883     0.00756858     0.00756858
      99.2195      0.0470401      0.0470401
      99.2508      -0.148334      -0.148334
      99.2820      0.0480667      0.0480667
      99.3133       0.144670       0.144670
      99.3445     0.00147554     0.00147554
      99.3758      -0.165331      -0.165331
      99.4070     -0.0449628     -0.0449628
      99.4383       0.145835       0.145835
      99.4695      0.0939996      0.0939996
      99.5008      -0.141510      -0.141510
      99.5320     -0.0791669     -0.0791669
      99.5633       0.154586       0.154586
      99.5945      -0.100911      -0.100911
      99.6258      -0.136907      -0.136907
      99.6570       0.206941       0.206941
      99.6883       0.180958       0.180958
      99.7195      -0.130325      -0.130325
      99.7508     -0.0494289     -0.0494289
      99.7820      -0.137833      -0.137833
      99.8133     -0.0378857     -0.0378857
      99.8445       0.142485       0.142485
      99.8758       0.407312      0.0599585
      99.9070       0.345061     -0.0381275
      99.9383     -0.0247045     -0.0338134
      99.9695      0.0158303      0.0158303
      100.001       0.119812       0.119812
      100.032      -0.121906      -0.121906
      100.063      -0.102888      -0.102888
      100.095     -0.0520978     -0.0520978
      100.126       0.171477       0.171477
      100.157      0.0901335      0.0901335
      100.188    -0.00802515    -0.00802515
      100.220      -0.117511      -0.117511
      100.251     -0.0612293     -0.0612293
      100.282      0.0926319      0.0926319
      100.313     0.00739876     0.00739876
      100.345     -0.0878807     -0.0878807
      100.376      0.0728874      0.0728874
      100.407     -0.0887122      0.0288074
      100.438       0.486544      0.0290686
      100.470       0.653634    -0.00275540
      100.501      0.0754697     -0.0645995
      100.532      -0.143374      -0.143374
      100.563       0.177026       0.177026
      100.595      0.0838265      0.0838265
      100.626      -0.175891      -0.175891
      100.657     -0.0344321     -0.0344321
      100.688      0.0511080      0.0511080
      100.720      0.0576378      0.0576378
      100.751       0.118556       0.118556
      100.782     -0.0431043     -0.0431043
      100.813     -0.0605768     -0.0605768
      100.845      -0.219245      -0.219245
      100.876       0.171171       0.171171
      100.907       0.158189       0.158189
      100.938     -0.0758325     -0.0758325
      100.970      -0.207682      -0.207682
      101.001     -0.0110999     -0.0110999
      101.032       0.172581       0.172581
      101.063       0.197319       0.197319
      101.095     -0.0934030     -0.0934030
      101.126      -0.106248      -0.106248
      101.157      -0.180123      -0.180123
      101.188       0.155914       0.155914
      101.220      0.0245167      0.0245167
      101.251     -0.0912249     -0.0912249
      101.282      0.0758723      0.0758723
      101.313      0.0127783      0.0127783
      101.345     -0.0363052     -0.0363052
      101.376      0.0907239      0.0907239
      101.407       0.102629       0.102629
      101.438      -0.210663      -0.210663
      101.470     -0.0238065     -0.0238065
      101.501       0.129651      0.0393480
      101.532       0.248750      0.0589820
      101.563       0.766173      0.0371569
      101.595       0.345491     -0.0236227
      101.626      -0.140225      -0.140225
      101.657     -0.0902968     -0.0902968
      101.688       0.180710       0.180710
      101.720      0.0554467      0.0554467
      101.751       0.128389       0.128389
      101.782      -0.171981      -0.171981
      101.813     0.00507107     -0.0599859
      101.845       0.576246     0.00777031
      101.876       0.377484      0.0495369
      101.907      0.0526231      0.0526231
      101.938     -0.0613786     -0.0613786
      101.970     -0.0296482     -0.0296482
      102.001     -0.0704554     -0.0704554
      102.032       0.169113       0.169113
      102.063      0.0593628      0.0593628
      102.095     -0.0732970     -0.0732970
      102.126      -0.171398      -0.171398
      102.157      0.0455640      0.0455640
      102.188      0.0757288      0.0757288
      102.220      0.0654110      0.0654110
      102.251     -0.0940757     -0.0940757
      102.282      0.0318900      0.0318900
      102.313      0.0331066      0.0115123
      102.345       0.202634    -0.00126061
      102.376       0.291949     -0.0170029
      102.407      -0.186765     -0.0120933
      102.438      0.0302043      0.0302043
      102.470      0.0649431      0.0649431
      102.501      0.0334824      0.0334824
      102.532      -0.222358      -0.222358
      102.563     -0.0766325     -0.0766325
      102.595       0.150574       0.150574
      102.626       0.180998       0.180998
      102.657      -0.106719      -0.106719
      102.688      -0.137186      -0.137186
      102.720      0.0269553      0.0269553
      102.751       0.261195       0.261195
      102.782     -0.0346898     -0.0346898
      102.813      -0.246302      -0.246302
      102.845      -0.104168      -0.104168
      102.876       0.216964       0.216964
      102.907      0.0246503      0.0246503
      102.938      -0.107056      -0.107056
      102.970      0.0652083      0.0652083
      103.001      0.0728950      0.0728950
      103.032     -0.0493417     -0.0493417
      103.063     -0.0134800     -0.0134800
      103.095      0.0146045      0.0146045
      103.126      -0.133617      -0.133617
      103.157     -0.0114798     -0.0114798
      103.188       0.187477       0.187477
      103.220     0.00946598     0.00946598
      103.251      -0.131849      -0.131849
      103.282       0.179706       0.179706
      103.313     -0.0263635     -0.0263635
      103.345      -0.236361      -0.236361
      103.376    -0.00443903    -0.00443903
      103.407      0.0712447      0.0712447
      103.438       0.209432       0.209432
      103.470      -0.112910      -0.112910
      103.501      0.0103624      0.0103624
      103.532     -0.0578577     -0.0578577
      103.563     0.00626764     0.00626764
      103.595      0.0251824      0.0251824
      103.626      -0.113152      -0.113152
      103.657      0.0510574      0.0510574
      103.688       0.108653       0.108653
      103.720      0.0245498      0.0245498
      103.751     -0.0973888     -0.0973888
      103.782     -0.0348066     -0.0348066
      103.813      0.0447780      0.0447780
      103.845      0.0693779      0.0693779
      103.876     -0.0991691     -0.0991691
      103.907     -0.0583088     -0.0583088
      103.938       0.186920       0.186920
      103.970     -0.0645967     -0.0645967
      104.001      -0.210053     -0.0474210
      104.032      0.0517062      0.0106754
      104.063       0.445926      0.0193642
      104.095    -0.00695515     -0.0307368
      104.126     -0.0832944     -0.0832944
      104.157       0.166160       0.166160
      104.188      0.0372024      0.0372024
      104.220     0.00894558     0.00894558
      104.251      -0.348431      -0.348431
      104.282      0.0794247      0.0794247
      104.313       0.322377       0.322377
      104.345     0.00840396     0.00840396
      104.376      -0.357985      -0.357985
      104.407       0.219702       0.219702
      104.438      -0.230788      -0.230788
      104.470       0.379882       0.379882
      104.501     -0.0909187     -0.0909187
      104.532      -0.164324      -0.164324
      104.563      0.0699983      0.0699983
      104.595      0.0233476      0.0233476
      104.626      0.0550914      0.0550914
      104.657      -0.170636      -0.170636
      104.688      0.0710348      0.0710348
      104.720      0.0557996      0.0557996
      104.751     -0.0698088     -0.0698088
      104.782     -0.0679877     -0.0679877
      104.813       0.208470       0.208470
      104.845      -0.143325      -0.143325
      104.876      0.0769423      0.0769423
      104.907     -0.0164250     -0.0164250
      104.938     -0.0450323     -0.0450323
      104.970      0.0590999      0.0590999
      105.001     -0.0358099     -0.0358099
      105.032      0.0257822      0.0257822
      105.063     -0.0370688     -0.0370688
      105.095      -0.100676      -0.100676
      105.126       0.233479       0.233479
      105.157     -0.0935341     -0.0935341
      105.188     -0.0707699     -0.0707699
      105.220     -0.0412079     -0.0412079
      105.251      0.0423566      0.0423566
      105.282       0.148526       0.148526
      105.313     -0.0729512     -0.0729512
      105.345     -0.0192346     -0.0192346
      105.376     -0.0881069     -0.0881069
      105.407      0.0804594      0.0804594
      105.438     0.00889761     0.00889761
      105.470     -0.0743007     -0.0743007
      105.501      0.0489721      0.0489721
      105.532       0.186231       0.186231
      105.563      -0.168933      -0.168933
      105.595      -0.236233      -0.236233
      105.626       0.207130       0.207130
      105.657       0.170232       0.170232
      105.688      -0.197104      -0.197104
      105.720     -0.0911071     -0.0911071
      105.751       0.243500       0.243500
      105.782     -0.0118316     -0.0118316
      105.813      -0.147015      -0.147015
      105.845       0.292779       0.292779
      105.876      -0.228132      -0.228132
      105.907      -0.155280      -0.155280
      105.938      0.0189274      0.0189274
      105.970       0.133161       0.133161
      106.001      -0.114264      -0.114264
      106.032       0.125256       0.125256
      106.063       0.127398       0.127398
      106.095      -0.309610      -0.309610
      106.126       0.255114       0.255114
      106.157      0.0654695      0.0654695
      106.188      -0.166470      -0.166470
      106.220     -0.0109864     -0.0109864
      106.251      0.0722538      0.0722538
      106.282      -0.254524      -0.254524
      106.313       0.172660       0.172660
      106.345       0.162798       0.162798
      106.376     -0.0116467     -0.0116467
      106.407      -0.308544      -0.308544
      106.438       0.158498       0.158498
      106.470      0.0694832      0.0694832
      106.501       0.415699    0.000124378
      106.532     -0.0152987     -0.0595073
      106.563       0.185174     -0.0116319
      106.595     -0.0454877      0.0329566
      106.626      0.0756634      0.0756634
      106.657     -0.0448346     -0.0448346
      106.688     -0.0895783     -0.0895783
      106.720      0.0940300      0.0940300
      106.751     0.00247109     0.00247109
      106.782     0.00109708     0.00109708
      106.813      -0.151535      -0.151535
      106.845      0.0343599      0.0343599
      106.876      0.0666210      0.0666210
      106.907     -0.0624640     -0.0624640
      106.938       0.201635       0.201635
      106.970     -0.0253251     -0.0253251
      107.001      -0.192511      -0.192511
      107.032     -0.0271855     -0.0271855
      107.063      0.0958850      0.0958850
      107.095       0.135903       0.135903
      107.126       0.115174       0.115174
      107.157      -0.274578      -0.274578
      107.188      -0.153685      -0.153685
      107.220       0.345236       0.345236
      107.251      -0.216454      -0.216454
      107.282     -0.0831398     -0.0831398
      107.313       0.102823       0.102823
      107.345       0.111348       0.111348
      107.376      0.0560412      0.0560412
      107.407     -0.0515514     -0.0515514
      107.438     -0.0574324     -0.0574324
      107.470      -0.250121      -0.250121
      107.501       0.190966       0.190966
      107.532       0.161074       0.161074
      107.563       0.156303       0.156303
      107.595      -0.325924      -0.325924
      107.626      -0.167206      -0.167206
      107.657       0.269476       0.269476
      107.688      0.0758653      0.0758653
      107.720     -0.0970034     -0.0970034
      107.751      -0.175204      -0.175204
      107.782       0.135432       0.135432
      107.813     -0.0960455     -0.0960455
      107.845       0.321929       0.321929
      107.876     -0.0855542     -0.0855542
      107.907      -0.322871      -0.322871
      107.938      0.0404372      0.0404372
      107.970       0.349191       0.349191
      108.001       0.219087       0.219087
      108.032      -0.676032      -0.676032
      108.063     -0.0861512     -0.0861512
      108.095       0.406545       0.406545
      108.126       0.150278       0.150278
      108.157      -0.147483      -0.147483
      108.188     -0.0987836     -0.0987836
      108.220       0.123211       0.123211
      108.251      -0.217440      -0.217440
      108.282     -0.0150332     -0.0150332
      108.313       0.323966       0.323966
      108.345      -0.171343      -0.171343
      108.376     -0.0858439     -0.0858439
      108.407      0.0953582      0.0953582
      108.438      0.0747398      0.0747398
      108.470      -0.104805      -0.104805
      108.501      0.0444659      0.0444659
      108.532      0.0281547      0.0281547
      108.563      -0.188627      -0.188627
      108.595       0.154718       0.154718
      108.626     0.00710505     0.00710505
      108.657      -0.256439     -0.0117274
      108.688       0.393038     -0.0631244
      108.720       0.449228     0.00131208
      108.751      0.0673369      0.0408344
      108.782       0.161282       0.161282
      108.813      -0.126599      -0.126599
      108.845     -0.0598981     -0.0598981
      108.876      -0.125672      -0.125672
      108.907       0.164922       0.164922
      108.938       0.553567      0.0837346
      108.970       0.146942     0.00180644
      109.001      -0.134197     -0.0783937
      109.032      -0.152623      -0.152623
      109.063       0.169478       0.169478
      109.095     -0.0692836     -0.0692836
      109.126    -0.00785470    -0.00785470
      109.157      0.0431411      0.0431411
      109.188       0.255542       0.255542
      109.220      -0.300768      -0.300768
      109.251      -0.132390      -0.132390
      109.282      0.0420195      0.0420195
      109.313       0.274281       0.274281
      109.345      0.0153663      0.0153663
      109.376      -0.237480      -0.237480
      109.407      0.0202832      0.0202832
      109.438      0.0763221      0.0763221
      109.470      -0.237525      0.0203124
      109.501      -0.192030     -0.0259519
      109.532        1.82529    -0.00545686
      109.563        4.24321   5.96046e-007
      109.595        5.34930   5.36442e-007
      109.626        2.17658      0.0241827
      109.657      -0.856040    -0.00463432
      109.688       0.606959     0.00497103
      109.720      -0.172734      -0.172734
      109.751       0.119886       0.119886
      109.782     -0.0116296     -0.0116296
      109.813       0.493059       0.493059
      109.845      -0.701908      -0.701908
      109.876       0.131991       0.131991
      109.907      -0.337952       0.104276
      109.938        5.72490      0.0858383
      109.970        16.5880     -0.0733006
      110.001        24.2281   1.01328e-006
      110.032        17.4820  -1.25170e-006
      110.063      -0.236896  -3.57628e-007
      110.095       0.777458      0.0110356
      110.126      0.0865392      0.0279462
      110.157       0.509655     -0.0321306
      110.188      -0.135622      -0.135622
      110.220     -0.0323895     -0.0323895
      110.251       0.256657       0.256657
      110.282       0.137680       0.137680
      110.313      -0.229356      -0.229356
      110.345     0.00106454     0.00106454
      110.376      -0.155041      -0.155041
      110.407       0.240686       0.240686
      110.438     -0.0472320     -0.0472320
      110.470       0.197584       0.197584
      110.501      -0.518666      -0.518666
      110.532      0.0277178      0.0277178
      110.563       0.112270       0.112270
      110.595       0.438932       0.438932
      110.626     -0.0865114     -0.0865114
      110.657      -0.321463      -0.321463
      110.688      -0.246346      -0.246346
      110.720       0.472582       0.472582
      110.751       0.366001       0.366001
      110.782      -0.509597      -0.509597
      110.813      -0.495948      -0.495948
      110.845       0.565363       0.565363
      110.876       0.402575       0.402575
      110.907      -0.449089      -0.449089
      110.938      -0.333295      -0.333295
      110.970       0.177842       0.177842
      111.001       0.252391       0.252391
      111.032   -0.000376026   -0.000376026
      111.063     -0.0659544     -0.0659544
      111.095     -0.0293111     -0.0293111
      111.126       0.000000       0.000000
      111.157       0.000000       0.000000
      111.188       0.000000       0.000000
      111.220       0.000000       0.000000
      111.251       0.000000       0.000000
      111.282       0.000000       0.000000
      111.313       0.000000       0.000000
      111.345       0.000000       0.000000
      111.376       0.000000       0.000000
      111.407       0.000000       0.000000
      111.438       0.000000       0.000000
      111.470       0.000000       0.000000
      111.501       0.000000       0.000000
      111.532       0.000000       0.000000
      111.563       0.000000       0.000000
      111.595       0.000000       0.000000
      111.626       0.000000       0.000000
      111.657       0.000000       0.000000
      111.688       0.000000       0.000000
      111.720       0.000000       0.000000
      111.751       0.000000       0.000000
      111.782       0.000000       0.000000
      111.813       0.000000       0.000000
      111.845       0.000000       0.000000
      111.876       0.000000       0.000000
      111.907       0.000000       0.000000
      111.938       0.000000       0.000000
      111.970       0.000000       0.000000
      112.001       0.000000       0.000000
      112.032       0.000000       0.000000
      112.063       0.000000       0.000000
      112.095       0.000000       0.000000
      112.126       0.000000       0.000000
      112.157       0.000000       0.000000
      112.188       0.000000       0.000000
      112.220       0.000000       0.000000
