0 43 73.063281 0.005051 0.000777
0 44 73.094531 0.002442 0.000376
0 45 73.125781 0.001574 0.000242
0 46 73.157031 0.001267 0.000195
0 47 73.188281 -0.001138 -0.000175
0 48 73.219531 0.000094 0.000015
0 49 73.250781 0.001429 0.000220
0 50 73.282031 0.005604 0.000862
0 51 73.313281 0.001015 0.000156
0 52 73.344531 0.005705 0.000878
0 53 73.375781 0.004888 0.000752
0 54 73.407031 0.007099 0.001092
0 55 73.438281 0.009819 0.001511
0 56 73.469531 0.005635 0.000867
0 57 73.500781 0.003094 0.000476
0 58 73.532031 0.005603 0.000862
0 59 73.563281 0.014413 0.002217
0 60 73.594531 0.005381 0.000828
0 61 73.625781 0.001213 0.000187
0 62 73.657031 0.001042 0.000160
0 63 73.688281 0.001479 0.000228
0 64 73.719531 0.002041 0.000314
0 65 73.750781 0.002339 0.000360
0 66 73.782031 0.001362 0.000210
0 67 73.813281 -0.000733 -0.000113
0 68 73.844531 0.003022 0.000465
0 69 73.875781 0.000173 0.000027
0 70 73.907031 -0.000312 -0.000048
0 71 73.938281 0.003981 0.000612
0 72 73.969531 0.004898 0.000753
0 73 74.000781 0.005703 0.000877
0 74 74.032031 0.004175 0.000642
0 75 74.063281 0.010537 0.001621
0 76 74.094531 0.007423 0.001142
0 77 74.125781 0.007024 0.001081
0 78 74.157031 0.006760 0.001040
0 79 74.188281 0.006392 0.000983
0 80 74.219531 0.004305 0.000662
0 81 74.250781 0.011622 0.001788
0 82 74.282031 0.009204 0.001416
0 83 74.313281 0.009271 0.001426
0 84 74.344531 0.008246 0.001269
0 85 74.375781 0.008472 0.001303
0 86 74.407031 0.009296 0.001430
0 87 74.438281 0.010448 0.001607
0 88 74.469531 0.010072 0.001550
0 89 74.500781 0.005443 0.000837
0 90 74.532031 0.011429 0.001758
0 91 74.563281 0.008079 0.001243
0 92 74.594531 0.008682 0.001336
0 93 74.625781 0.008726 0.001342
0 94 74.657031 0.009971 0.001534
0 95 74.688281 0.007507 0.001155
0 96 74.719531 0.006042 0.000930
0 97 74.750781 0.005300 0.000815
0 98 74.782031 0.005026 0.000773
0 99 74.813281 0.001901 0.000292
0 100 74.844531 0.005084 0.000782
0 101 74.875781 0.005223 0.000804
0 102 74.907031 0.005637 0.000867
0 103 74.938281 0.004071 0.000626
0 104 74.969531 0.001437 0.000221
0 105 75.000781 0.001651 0.000254
0 106 75.032031 0.003925 0.000604
0 107 75.063281 0.006897 0.001061
0 108 75.094531 0.004705 0.000724
0 109 75.125781 0.006620 0.001019
0 110 75.157031 0.005452 0.000839
0 111 75.188281 0.003378 0.000520
0 112 75.219531 0.009121 0.001403
0 113 75.250781 0.005141 0.000791
0 114 75.282031 0.005245 0.000807
0 115 75.313281 0.003199 0.000492
0 116 75.344531 0.006826 0.001050
0 117 75.375781 0.007388 0.001137
0 118 75.407031 0.006234 0.000959
0 119 75.438281 0.004973 0.000765
0 120 75.469531 0.005874 0.000904
0 121 75.500781 0.004862 0.000748
0 122 75.532031 0.008191 0.001260
0 123 75.563281 0.005223 0.000804
0 124 75.594531 0.003936 0.000606
0 125 75.625781 0.004094 0.000630
0 126 75.657031 0.007400 0.001138
0 127 75.688281 0.004872 0.000750
0 128 75.719531 0.005536 0.000852
0 129 75.750781 0.004758 0.000732
0 130 75.782031 0.004606 0.000709
0 131 75.813281 0.003708 0.000570
0 132 75.844531 0.007508 0.001155
0 133 75.875781 0.007569 0.001165
0 134 75.907031 0.005193 0.000799
0 135 75.938281 0.004135 0.000636
0 136 75.969531 0.007231 0.001112
0 137 76.000781 0.005307 0.000816
0 138 76.032031 0.004422 0.000680
0 139 76.063281 0.001907 0.000293
0 140 76.094531 0.005661 0.000871
0 141 76.125781 0.004773 0.000734
0 142 76.157031 0.005809 0.000894
0 143 76.188281 0.007905 0.001216
0 144 76.219531 0.006949 0.001069
0 145 76.250781 0.004785 0.000736
0 146 76.282031 0.003924 0.000604
0 147 76.313281 0.007476 0.001150
0 148 76.344531 0.004653 0.000716
0 149 76.375781 0.001965 0.000302
0 150 76.407031 0.003704 0.000570
0 151 76.438281 0.007110 0.001094
0 152 76.469531 0.003961 0.000609
0 153 76.500781 0.002940 0.000452
0 154 76.532031 0.004742 0.000730
0 155 76.563281 0.008086 0.001244
0 156 76.594531 0.005423 0.000834
0 157 76.625781 0.006325 0.000973
0 158 76.657031 0.005293 0.000814
0 159 76.688281 0.004724 0.000727
0 160 76.719531 0.008670 0.001334
0 161 76.750781 0.005734 0.000882
0 162 76.782031 0.007252 0.001116
0 163 76.813281 0.006144 0.000945
0 164 76.844531 0.008201 0.001262
0 165 76.875781 0.008066 0.001241
0 166 76.907031 0.004522 0.000696
0 167 76.938281 0.004784 0.000736
0 168 76.969531 0.005047 0.000777
0 169 77.000781 0.006331 0.000974
0 170 77.032031 0.007859 0.001209
0 171 77.063281 0.006821 0.001049
0 172 77.094531 0.008357 0.001286
0 173 77.125781 0.005934 0.000913
0 174 77.157031 0.004123 0.000634
0 175 77.188281 0.008241 0.001268
0 176 77.219531 0.003451 0.000531
0 177 77.250781 0.006772 0.001042
0 178 77.282031 0.007927 0.001219
0 179 77.313281 0.007867 0.001210
0 180 77.344531 0.007617 0.001172
0 181 77.375781 0.006345 0.000976
0 182 77.407031 0.005862 0.000902
0 183 77.438281 0.005847 0.000900
0 184 77.469531 0.005697 0.000876
0 185 77.500781 0.002542 0.000391
0 186 77.532031 0.002409 0.000371
0 187 77.563281 0.003808 0.000586
0 188 77.594531 0.002461 0.000379
0 189 77.625781 0.000235 0.000036
0 190 77.657031 0.004968 0.000764
0 191 77.688281 0.004108 0.000632
0 192 77.719531 0.005060 0.000778
0 193 77.750781 0.004982 0.000766
0 194 77.782031 0.002963 0.000456
0 195 77.813281 0.002430 0.000374
0 196 77.844531 0.003351 0.000515
0 197 77.875781 0.009647 0.001484
0 198 77.907031 0.002525 0.000389
0 199 77.938281 0.003123 0.000480
0 200 77.969531 0.008552 0.001316
0 201 78.000781 0.007639 0.001175
0 202 78.032031 0.005592 0.000860
0 203 78.063281 0.005393 0.000830
0 204 78.094531 0.005502 0.000846
0 205 78.125781 0.004853 0.000747
0 206 78.157031 0.004618 0.000710
0 207 78.188281 0.007403 0.001139
0 208 78.219531 0.006218 0.000957
0 209 78.250781 0.004488 0.000691
0 210 78.282031 0.005618 0.000864
0 211 78.313281 0.004385 0.000675
0 212 78.344531 0.007859 0.001209
0 213 78.375781 0.011359 0.001748
0 214 78.407031 0.008179 0.001258
0 215 78.438281 0.008249 0.001269
0 216 78.469531 0.005465 0.000841
0 217 78.500781 0.006854 0.001055
0 218 78.532031 0.007561 0.001163
0 219 78.563281 0.005466 0.000841
0 220 78.594531 0.006177 0.000950
0 221 78.625781 0.005861 0.000902
0 222 78.657031 0.008663 0.001333
0 223 78.688281 0.004154 0.000639
0 224 78.719531 0.007579 0.001166
0 225 78.750781 0.006436 0.000990
0 226 78.782031 0.005771 0.000888
0 227 78.813281 0.005660 0.000871
0 228 78.844531 0.004319 0.000664
0 229 78.875781 0.006032 0.000928
0 230 78.907031 0.005668 0.000872
0 231 78.938281 0.004605 0.000709
0 232 78.969531 0.010119 0.001557
0 233 79.000781 0.008026 0.001235
0 234 79.032031 0.009517 0.001464
0 235 79.063281 0.006118 0.000941
0 236 79.094531 0.005234 0.000805
0 237 79.125781 0.005745 0.000884
0 238 79.157031 0.010987 0.001690
0 239 79.188281 0.007493 0.001153
0 240 79.219531 0.007273 0.001119
0 241 79.250781 0.006920 0.001065
0 242 79.282031 0.006785 0.001044
0 243 79.313281 0.007518 0.001157
0 244 79.344531 0.005561 0.000856
0 245 79.375781 0.004485 0.000690
0 246 79.407031 0.005595 0.000861
0 247 79.438281 0.007600 0.001169
0 248 79.469531 0.008698 0.001338
1 43 79.363281 0.009453 0.001454
1 44 79.394531 0.004199 0.000646
1 45 79.425781 0.007024 0.001081
1 46 79.457031 0.006461 0.000994
1 47 79.488281 0.007142 0.001099
1 48 79.519531 0.006089 0.000937
1 49 79.550781 0.006879 0.001058
1 50 79.582031 0.006084 0.000936
1 51 79.613281 0.004850 0.000746
1 52 79.644531 0.006641 0.001022
1 53 79.675781 0.005288 0.000813
1 54 79.707031 0.006931 0.001066
1 55 79.738281 0.006555 0.001008
1 56 79.769531 0.009149 0.001408
1 57 79.800781 0.004277 0.000658
1 58 79.832031 0.007562 0.001163
1 59 79.863281 0.005334 0.000821
1 60 79.894531 0.007222 0.001111
1 61 79.925781 0.004472 0.000688
1 62 79.957031 0.007160 0.001102
1 63 79.988281 0.004028 0.000620
1 64 80.019531 0.004690 0.000722
1 65 80.050781 0.004706 0.000724
1 66 80.082031 0.006413 0.000987
1 67 80.113281 0.007108 0.001094
1 68 80.144531 0.007470 0.001149
1 69 80.175781 0.008119 0.001249
1 70 80.207031 0.005801 0.000892
1 71 80.238281 0.009571 0.001473
1 72 80.269531 0.007026 0.001081
1 73 80.300781 0.007468 0.001149
1 74 80.332031 0.006082 0.000936
1 75 80.363281 0.005217 0.000803
1 76 80.394531 0.005814 0.000894
1 77 80.425781 0.006098 0.000938
1 78 80.457031 0.007861 0.001209
1 79 80.488281 0.010159 0.001563
1 80 80.519531 0.010793 0.001661
1 81 80.550781 0.006939 0.001068
1 82 80.582031 0.007056 0.001086
1 83 80.613281 0.005416 0.000833
1 84 80.644531 0.008371 0.001288
1 85 80.675781 0.004674 0.000719
1 86 80.707031 0.008393 0.001291
1 87 80.738281 0.006689 0.001029
1 88 80.769531 0.008136 0.001252
1 89 80.800781 0.008520 0.001311
1 90 80.832031 0.011242 0.001730
1 91 80.863281 0.006042 0.000930
1 92 80.894531 0.006308 0.000970
1 93 80.925781 0.008315 0.001279
1 94 80.957031 0.003156 0.000486
1 95 80.988281 0.006280 0.000966
1 96 81.019531 0.008328 0.001281
1 97 81.050781 0.005634 0.000867
1 98 81.082031 0.004507 0.000693
1 99 81.113281 0.003944 0.000607
1 100 81.144531 0.003916 0.000602
1 101 81.175781 0.003860 0.000594
1 102 81.207031 0.006778 0.001043
1 103 81.238281 0.006044 0.000930
1 104 81.269531 0.007911 0.001217
1 105 81.300781 0.005797 0.000892
1 106 81.332031 0.008357 0.001286
1 107 81.363281 0.006285 0.000967
1 108 81.394531 0.004746 0.000730
1 109 81.425781 0.006429 0.000989
1 110 81.457031 0.006282 0.000966
1 111 81.488281 0.007943 0.001222
1 112 81.519531 0.008006 0.001232
1 113 81.550781 0.009280 0.001428
1 114 81.582031 0.009285 0.001428
1 115 81.613281 0.008888 0.001367
1 116 81.644531 0.008906 0.001370
1 117 81.675781 0.005938 0.000914
1 118 81.707031 0.008160 0.001255
1 119 81.738281 0.007899 0.001215
1 120 81.769531 0.006623 0.001019
1 121 81.800781 0.008015 0.001233
1 122 81.832031 0.008296 0.001276
1 123 81.863281 0.020978 0.003227
1 124 81.894531 0.015620 0.002403
1 125 81.925781 0.005890 0.000906
1 126 81.957031 0.008447 0.001299
1 127 81.988281 0.006947 0.001069
1 128 82.019531 0.005791 0.000891
1 129 82.050781 0.008583 0.001321
1 130 82.082031 0.014561 0.002240
1 131 82.113281 0.006585 0.001013
1 132 82.144531 0.006491 0.000999
1 133 82.175781 0.007368 0.001134
1 134 82.207031 0.014389 0.002214
1 135 82.238281 0.010686 0.001644
1 136 82.269531 0.006192 0.000953
1 137 82.300781 0.008039 0.001237
1 138 82.332031 0.007182 0.001105
1 139 82.363281 0.006631 0.001020
1 140 82.394531 0.009576 0.001473
1 141 82.425781 0.006637 0.001021
1 142 82.457031 0.006288 0.000967
1 143 82.488281 0.005398 0.000831
1 144 82.519531 0.009361 0.001440
1 145 82.550781 0.009925 0.001527
1 146 82.582031 0.005018 0.000772
1 147 82.613281 0.008728 0.001343
1 148 82.644531 0.008488 0.001306
1 149 82.675781 0.006970 0.001072
1 150 82.707031 0.009048 0.001392
1 151 82.738281 0.007685 0.001182
1 152 82.769531 0.006999 0.001077
1 153 82.800781 0.008018 0.001234
1 154 82.832031 0.009123 0.001404
1 155 82.863281 0.007734 0.001190
1 156 82.894531 0.007942 0.001222
1 157 82.925781 0.006268 0.000964
1 158 82.957031 0.005569 0.000857
1 159 82.988281 0.006273 0.000965
1 160 83.019531 0.007851 0.001208
1 161 83.050781 0.006630 0.001020
1 162 83.082031 0.001216 0.000187
1 163 83.113281 0.003600 0.000554
1 164 83.144531 0.007731 0.001189
1 165 83.175781 0.005108 0.000786
1 166 83.207031 0.005585 0.000859
1 167 83.238281 0.007348 0.001130
1 168 83.269531 0.007434 0.001144
1 169 83.300781 0.007082 0.001090
1 170 83.332031 0.010238 0.001575
1 171 83.363281 0.005688 0.000875
1 172 83.394531 0.006554 0.001008
1 173 83.425781 0.008788 0.001352
1 174 83.457031 0.007249 0.001115
1 175 83.488281 0.007068 0.001087
1 176 83.519531 0.008862 0.001363
1 177 83.550781 0.008194 0.001261
1 178 83.582031 0.009745 0.001499
1 179 83.613281 0.007440 0.001145
1 180 83.644531 0.008596 0.001322
1 181 83.675781 0.008934 0.001374
1 182 83.707031 0.011919 0.001834
1 183 83.738281 0.011092 0.001706
1 184 83.769531 0.012437 0.001913
1 185 83.800781 0.013728 0.002112
1 186 83.832031 0.013689 0.002106
1 187 83.863281 0.010683 0.001644
1 188 83.894531 0.012138 0.001867
1 189 83.925781 0.008038 0.001237
1 190 83.957031 0.006019 0.000926
1 191 83.988281 0.010511 0.001617
1 192 84.019531 0.007431 0.001143
1 193 84.050781 0.011066 0.001702
1 194 84.082031 0.009378 0.001443
1 195 84.113281 0.008184 0.001259
1 196 84.144531 0.009639 0.001483
1 197 84.175781 0.008855 0.001362
1 198 84.207031 0.007253 0.001116
1 199 84.238281 0.009572 0.001473
1 200 84.269531 0.005621 0.000865
1 201 84.300781 0.007336 0.001129
1 202 84.332031 0.008777 0.001350
1 203 84.363281 0.010025 0.001542
1 204 84.394531 0.006948 0.001069
1 205 84.425781 0.003422 0.000526
1 206 84.457031 0.007903 0.001216
1 207 84.488281 0.009858 0.001517
1 208 84.519531 0.013581 0.002089
1 209 84.550781 0.011163 0.001717
1 210 84.582031 0.008363 0.001287
1 211 84.613281 0.014491 0.002229
1 212 84.644531 0.013203 0.002031
1 213 84.675781 0.011529 0.001774
1 214 84.707031 0.009389 0.001445
1 215 84.738281 0.009142 0.001406
1 216 84.769531 0.008827 0.001358
1 217 84.800781 0.010988 0.001690
1 218 84.832031 0.004009 0.000617
1 219 84.863281 0.005649 0.000869
1 220 84.894531 0.008320 0.001280
1 221 84.925781 0.006097 0.000938
1 222 84.957031 0.004179 0.000643
1 223 84.988281 0.004039 0.000621
1 224 85.019531 0.006173 0.000950
1 225 85.050781 0.008333 0.001282
1 226 85.082031 0.007851 0.001208
1 227 85.113281 0.008209 0.001263
1 228 85.144531 0.009301 0.001431
1 229 85.175781 0.007613 0.001171
1 230 85.207031 0.004368 0.000672
1 231 85.238281 0.005660 0.000871
1 232 85.269531 0.005421 0.000834
1 233 85.300781 0.009310 0.001432
1 234 85.332031 0.022516 0.003464
1 235 85.363281 0.008400 0.001292
1 236 85.394531 0.007333 0.001128
1 237 85.425781 0.013040 0.002006
1 238 85.457031 0.013736 0.002113
1 239 85.488281 0.006054 0.000931
1 240 85.519531 0.011156 0.001716
1 241 85.550781 0.007425 0.001142
1 242 85.582031 0.007742 0.001191
1 243 85.613281 0.007481 0.001151
1 244 85.644531 0.007396 0.001138
1 245 85.675781 0.006767 0.001041
1 246 85.707031 0.009890 0.001522
1 247 85.738281 0.004410 0.000678
1 248 85.769531 0.004888 0.000752
2 248 85.630469 0.002457 0.000378
2 247 85.661719 0.009293 0.001430
2 246 85.692969 0.010132 0.001559
2 245 85.724219 0.003984 0.000613
2 244 85.755469 0.001393 0.000214
2 243 85.786719 0.002253 0.000347
2 242 85.817969 0.002297 0.000353
2 241 85.849219 0.004591 0.000706
2 240 85.880469 0.003856 0.000593
2 239 85.911719 0.005723 0.000880
2 238 85.942969 0.007206 0.001109
2 237 85.974219 0.008563 0.001317
2 236 86.005469 0.004512 0.000694
2 235 86.036719 0.004023 0.000619
2 234 86.067969 0.005795 0.000892
2 233 86.099219 0.005085 0.000782
2 232 86.130469 0.004372 0.000673
2 231 86.161719 0.005146 0.000792
2 230 86.192969 0.002028 0.000312
2 229 86.224219 0.004689 0.000721
2 228 86.255469 0.004272 0.000657
2 227 86.286719 0.005663 0.000871
2 226 86.317969 0.013919 0.002141
2 225 86.349219 0.010088 0.001552
2 224 86.380469 0.005856 0.000901
2 223 86.411719 0.007275 0.001119
2 222 86.442969 0.006630 0.001020
2 221 86.474219 0.006193 0.000953
2 220 86.505469 0.003139 0.000483
2 219 86.536719 0.006872 0.001057
2 218 86.567969 0.005293 0.000814
2 217 86.599219 0.007813 0.001202
2 216 86.630469 0.004023 0.000619
2 215 86.661719 0.008886 0.001367
2 214 86.692969 0.006737 0.001036
2 213 86.724219 0.010734 0.001651
2 212 86.755469 0.013224 0.002035
2 211 86.786719 0.009760 0.001501
2 210 86.817969 0.013161 0.002025
2 209 86.849219 0.011478 0.001766
2 208 86.880469 0.003843 0.000591
2 207 86.911719 0.009579 0.001474
2 206 86.942969 0.010122 0.001557
2 205 86.974219 0.011783 0.001813
2 204 87.005469 0.009000 0.001385
2 203 87.036719 0.006428 0.000989
2 202 87.067969 0.007142 0.001099
2 201 87.099219 0.008406 0.001293
2 200 87.130469 0.003368 0.000518
2 199 87.161719 0.005356 0.000824
2 198 87.192969 0.005616 0.000864
2 197 87.224219 0.007680 0.001182
2 196 87.255469 0.007845 0.001207
2 195 87.286719 0.043677 0.006719
2 194 87.317969 0.052221 0.008034
2 193 87.349219 0.015587 0.002398
2 192 87.380469 0.031176 0.004796
2 191 87.411719 0.026329 0.004051
2 190 87.442969 0.010810 0.001663
2 189 87.474219 0.009607 0.001478
2 188 87.505469 0.007896 0.001215
2 187 87.536719 0.007349 0.001131
2 186 87.567969 0.005626 0.000865
2 185 87.599219 0.005768 0.000887
2 184 87.630469 0.005762 0.000887
2 183 87.661719 0.005784 0.000890
2 182 87.692969 0.005405 0.000832
2 181 87.724219 0.006331 0.000974
2 180 87.755469 0.006568 0.001010
2 179 87.786719 0.007300 0.001123
2 178 87.817969 0.008675 0.001335
2 177 87.849219 0.010463 0.001610
2 176 87.880469 0.007776 0.001196
2 175 87.911719 0.024133 0.003713
2 174 87.942969 0.011218 0.001726
2 173 87.974219 0.003458 0.000532
2 172 88.005469 0.007679 0.001181
2 171 88.036719 0.008449 0.001300
2 170 88.067969 0.005281 0.000812
2 169 88.099219 0.006169 0.000949
2 168 88.130469 0.005437 0.000836
2 167 88.161719 0.010700 0.001646
2 166 88.192969 0.008599 0.001323
2 165 88.224219 0.014651 0.002254
2 164 88.255469 0.009513 0.001464
2 163 88.286719 0.007645 0.001176
2 162 88.317969 0.003847 0.000592
2 161 88.349219 0.006701 0.001031
2 160 88.380469 -0.001868 -0.000287
2 159 88.411719 0.005469 0.000841
2 158 88.442969 0.005329 0.000820
2 157 88.474219 0.013130 0.002020
2 156 88.505469 0.000476 0.000073
2 155 88.536719 0.010261 0.001579
2 154 88.567969 -0.006043 -0.000930
2 153 88.599219 0.162857 0.025055
2 152 88.630469 0.241832 0.037205
2 151 88.661719 0.030289 0.004660
2 150 88.692969 0.004773 0.000734
2 149 88.724219 0.006121 0.000942
2 148 88.755469 0.005919 0.000911
2 147 88.786719 0.003506 0.000539
2 146 88.817969 0.004784 0.000736
2 145 88.849219 0.009440 0.001452
2 144 88.880469 0.007042 0.001083
2 143 88.911719 0.005573 0.000857
2 142 88.942969 0.002529 0.000389
2 141 88.974219 0.008895 0.001368
2 140 89.005469 0.005972 0.000919
2 139 89.036719 0.012320 0.001895
2 138 89.067969 0.001923 0.000296
2 137 89.099219 0.017231 0.002651
2 136 89.130469 0.008958 0.001378
2 135 89.161719 0.185252 0.028500
2 134 89.192969 0.192643 0.029637
2 133 89.224219 0.012535 0.001929
2 132 89.255469 0.018461 0.002840
2 131 89.286719 0.007913 0.001217
2 130 89.317969 0.015538 0.002390
2 129 89.349219 0.006449 0.000992
2 128 89.380469 0.009600 0.001477
2 127 89.411719 0.008676 0.001335
2 126 89.442969 0.013716 0.002110
2 125 89.474219 0.010127 0.001558
2 124 89.505469 0.012266 0.001887
2 123 89.536719 0.004435 0.000682
2 122 89.567969 0.010184 0.001567
2 121 89.599219 0.004692 0.000722
2 120 89.630469 0.006798 0.001046
2 119 89.661719 0.007833 0.001205
2 118 89.692969 0.010618 0.001634
2 117 89.724219 0.006094 0.000938
2 116 89.755469 0.011135 0.001713
2 115 89.786719 0.007560 0.001163
2 114 89.817969 0.007075 0.001089
2 113 89.849219 0.004391 0.000676
2 112 89.880469 0.011046 0.001699
2 111 89.911719 0.005732 0.000882
2 110 89.942969 0.012510 0.001925
2 109 89.974219 0.006417 0.000987
2 108 90.005469 0.008760 0.001348
2 107 90.036719 0.008336 0.001282
2 106 90.067969 0.013848 0.002130
2 105 90.099219 0.008168 0.001257
2 104 90.130469 0.010595 0.001630
2 103 90.161719 0.010822 0.001665
2 102 90.192969 0.010376 0.001596
2 101 90.224219 0.005959 0.000917
2 100 90.255469 0.008008 0.001232
2 99 90.286719 0.007048 0.001084
2 98 90.317969 0.009811 0.001509
2 97 90.349219 0.007433 0.001143
2 96 90.380469 0.008594 0.001322
2 95 90.411719 0.001487 0.000229
2 94 90.442969 0.010861 0.001671
2 93 90.474219 0.007218 0.001110
2 92 90.505469 0.009540 0.001468
2 91 90.536719 0.005953 0.000916
2 90 90.567969 0.012974 0.001996
2 89 90.599219 0.001109 0.000171
2 88 90.630469 0.066545 0.010238
2 87 90.661719 0.100839 0.015514
2 86 90.692969 0.018955 0.002916
2 85 90.724219 0.011314 0.001741
2 84 90.755469 0.010340 0.001591
2 83 90.786719 0.009748 0.001500
2 82 90.817969 0.006826 0.001050
2 81 90.849219 0.007306 0.001124
2 80 90.880469 0.008509 0.001309
2 79 90.911719 0.005661 0.000871
2 78 90.942969 0.013102 0.002016
2 77 90.974219 0.023498 0.003615
2 76 91.005469 0.007193 0.001107
2 75 91.036719 0.010380 0.001597
2 74 91.067969 0.004310 0.000663
2 73 91.099219 0.005051 0.000777
2 72 91.130469 0.005862 0.000902
2 71 91.161719 0.010329 0.001589
2 70 91.192969 0.012988 0.001998
2 69 91.224219 0.010530 0.001620
2 68 91.255469 0.008383 0.001290
2 67 91.286719 0.010470 0.001611
2 66 91.317969 0.006554 0.001008
2 65 91.349219 0.006632 0.001020
2 64 91.380469 0.005536 0.000852
2 63 91.411719 0.009006 0.001386
2 62 91.442969 0.003605 0.000555
2 61 91.474219 0.007706 0.001186
2 60 91.505469 0.004944 0.000761
2 59 91.536719 0.008284 0.001274
2 58 91.567969 0.006668 0.001026
2 57 91.599219 0.009573 0.001473
2 56 91.630469 0.010169 0.001564
2 55 91.661719 0.011470 0.001765
2 54 91.692969 0.006862 0.001056
2 53 91.724219 0.005680 0.000874
2 52 91.755469 0.004568 0.000703
2 51 91.786719 0.005300 0.000815
2 50 91.817969 0.006667 0.001026
2 49 91.849219 0.006300 0.000969
2 48 91.880469 0.005860 0.000902
2 47 91.911719 0.006143 0.000945
2 46 91.942969 0.009834 0.001513
2 45 91.974219 0.018481 0.002843
2 44 92.005469 0.010079 0.001551
2 43 92.036719 0.007467 0.001149
3 43 91.959281 0.014187 0.002183
3 44 91.990531 0.011375 0.001750
3 45 92.021781 0.007075 0.001088
3 46 92.053031 0.007118 0.001095
3 47 92.084281 0.004747 0.000730
3 48 92.115531 0.008436 0.001298
3 49 92.146781 0.008417 0.001295
3 50 92.178031 0.005510 0.000848
3 51 92.209281 0.008605 0.001324
3 52 92.240531 0.006564 0.001010
3 53 92.271781 0.008022 0.001234
3 54 92.303031 0.005468 0.000841
3 55 92.334281 0.007959 0.001224
3 56 92.365531 0.010389 0.001598
3 57 92.396781 0.009118 0.001403
3 58 92.428031 0.006414 0.000987
3 59 92.459281 0.012853 0.001977
3 60 92.490531 0.010429 0.001605
3 61 92.521781 0.006944 0.001068
3 62 92.553031 0.008718 0.001341
3 63 92.584281 0.009210 0.001417
3 64 92.615531 0.007164 0.001102
3 65 92.646781 0.006060 0.000932
3 66 92.678031 0.007513 0.001156
3 67 92.709281 0.008777 0.001350
3 68 92.740531 0.006061 0.000932
3 69 92.771781 0.007272 0.001119
3 70 92.803031 0.007697 0.001184
3 71 92.834281 0.008251 0.001269
3 72 92.865531 0.008756 0.001347
3 73 92.896781 0.008786 0.001352
3 74 92.928031 0.007512 0.001156
3 75 92.959281 0.006607 0.001016
3 76 92.990531 0.004982 0.000766
3 77 93.021781 0.004108 0.000632
3 78 93.053031 0.004469 0.000688
3 79 93.084281 0.008200 0.001262
3 80 93.115531 0.008725 0.001342
3 81 93.146781 0.031500 0.004846
3 82 93.178031 0.032696 0.005030
3 83 93.209281 0.006047 0.000930
3 84 93.240531 0.006274 0.000965
3 85 93.271781 0.006011 0.000925
3 86 93.303031 0.007185 0.001105
3 87 93.334281 0.004230 0.000651
3 88 93.365531 0.007509 0.001155
3 89 93.396781 0.005925 0.000912
3 90 93.428031 0.008755 0.001347
3 91 93.459281 0.007739 0.001191
3 92 93.490531 0.007658 0.001178
3 93 93.521781 0.006281 0.000966
3 94 93.553031 0.005505 0.000847
3 95 93.584281 0.006505 0.001001
3 96 93.615531 0.006653 0.001024
3 97 93.646781 0.008734 0.001344
3 98 93.678031 0.003518 0.000541
3 99 93.709281 0.005842 0.000899
3 100 93.740531 0.006406 0.000986
3 101 93.771781 0.006463 0.000994
3 102 93.803031 0.007073 0.001088
3 103 93.834281 0.006165 0.000949
3 104 93.865531 0.008407 0.001293
3 105 93.896781 0.005584 0.000859
3 106 93.928031 0.005323 0.000819
3 107 93.959281 0.005180 0.000797
3 108 93.990531 0.006379 0.000981
3 109 94.021781 0.008679 0.001335
3 110 94.053031 0.007999 0.001231
3 111 94.084281 0.005201 0.000800
3 112 94.115531 0.006222 0.000957
3 113 94.146781 0.004573 0.000704
3 114 94.178031 0.008315 0.001279
3 115 94.209281 0.005772 0.000888
3 116 94.240531 0.005116 0.000787
3 117 94.271781 0.006237 0.000960
3 118 94.303031 0.007179 0.001104
3 119 94.334281 0.007870 0.001211
3 120 94.365531 0.006967 0.001072
3 121 94.396781 0.006932 0.001066
3 122 94.428031 0.005654 0.000870
3 123 94.459281 0.005476 0.000843
3 124 94.490531 0.005226 0.000804
3 125 94.521781 0.007347 0.001130
3 126 94.553031 0.006644 0.001022
3 127 94.584281 0.005564 0.000856
3 128 94.615531 0.005806 0.000893
3 129 94.646781 0.005103 0.000785
3 130 94.678031 0.004914 0.000756
3 131 94.709281 0.008526 0.001312
3 132 94.740531 0.004477 0.000689
3 133 94.771781 0.006182 0.000951
3 134 94.803031 0.007421 0.001142
3 135 94.834281 0.006229 0.000958
3 136 94.865531 0.007696 0.001184
3 137 94.896781 0.009012 0.001386
3 138 94.928031 0.008219 0.001264
3 139 94.959281 0.007033 0.001082
3 140 94.990531 0.010107 0.001555
3 141 95.021781 0.007804 0.001201
3 142 95.053031 0.006178 0.000950
3 143 95.084281 0.010496 0.001615
3 144 95.115531 0.006844 0.001053
3 145 95.146781 0.009088 0.001398
3 146 95.178031 0.011861 0.001825
3 147 95.209281 0.006807 0.001047
3 148 95.240531 0.008924 0.001373
3 149 95.271781 0.007795 0.001199
3 150 95.303031 0.009194 0.001414
3 151 95.334281 0.006944 0.001068
3 152 95.365531 0.005629 0.000866
3 153 95.396781 0.008446 0.001299
3 154 95.428031 0.007831 0.001205
3 155 95.459281 0.007631 0.001174
3 156 95.490531 0.005222 0.000803
3 157 95.521781 0.005523 0.000850
3 158 95.553031 0.007876 0.001212
3 159 95.584281 0.003061 0.000471
3 160 95.615531 0.007061 0.001086
3 161 95.646781 0.007197 0.001107
3 162 95.678031 0.004441 0.000683
3 163 95.709281 0.009323 0.001434
3 164 95.740531 0.004683 0.000721
3 165 95.771781 0.006076 0.000935
3 166 95.803031 0.005143 0.000791
3 167 95.834281 0.003023 0.000465
3 168 95.865531 0.005008 0.000770
3 169 95.896781 0.005727 0.000881
3 170 95.928031 0.010082 0.001551
3 171 95.959281 0.008965 0.001379
3 172 95.990531 0.006951 0.001069
3 173 96.021781 0.008305 0.001278
3 174 96.053031 0.006714 0.001033
3 175 96.084281 0.006417 0.000987
3 176 96.115531 0.006457 0.000993
3 177 96.146781 0.009222 0.001419
3 178 96.178031 0.009223 0.001419
3 179 96.209281 0.012186 0.001875
3 180 96.240531 0.011949 0.001838
3 181 96.271781 0.015536 0.002390
3 182 96.303031 0.016202 0.002493
3 183 96.334281 0.014816 0.002279
3 184 96.365531 0.017756 0.002732
3 185 96.396781 0.026658 0.004101
3 186 96.428031 0.017306 0.002663
3 187 96.459281 0.013637 0.002098
3 188 96.490531 0.013096 0.002015
3 189 96.521781 0.013348 0.002054
3 190 96.553031 0.012784 0.001967
3 191 96.584281 0.014584 0.002244
3 192 96.615531 0.010216 0.001572
3 193 96.646781 0.014279 0.002197
3 194 96.678031 0.010198 0.001569
3 195 96.709281 0.041141 0.006329
3 196 96.740531 0.050916 0.007833
3 197 96.771781 0.010739 0.001652
3 198 96.803031 0.012769 0.001964
3 199 96.834281 0.009533 0.001467
3 200 96.865531 0.013496 0.002076
3 201 96.896781 0.015040 0.002314
3 202 96.928031 0.014582 0.002243
3 203 96.959281 0.008354 0.001285
3 204 96.990531 0.009849 0.001515
3 205 97.021781 0.009955 0.001532
3 206 97.053031 0.012939 0.001991
3 207 97.084281 0.006383 0.000982
3 208 97.115531 0.008099 0.001246
3 209 97.146781 0.006482 0.000997
3 210 97.178031 0.008828 0.001358
3 211 97.209281 0.007916 0.001218
3 212 97.240531 0.005473 0.000842
3 213 97.271781 0.008070 0.001242
3 214 97.303031 0.008894 0.001368
3 215 97.334281 0.007139 0.001098
3 216 97.365531 0.009091 0.001399
3 217 97.396781 0.010630 0.001635
3 218 97.428031 0.006545 0.001007
3 219 97.459281 0.008497 0.001307
3 220 97.490531 0.008359 0.001286
3 221 97.521781 0.006145 0.000945
3 222 97.553031 0.004872 0.000750
3 223 97.584281 0.008526 0.001312
3 224 97.615531 0.010934 0.001682
3 225 97.646781 0.010532 0.001620
3 226 97.678031 0.015773 0.002427
3 227 97.709281 0.014990 0.002306
3 228 97.740531 0.017916 0.002756
3 229 97.771781 0.014917 0.002295
3 230 97.803031 0.014163 0.002179
3 231 97.834281 0.013919 0.002141
3 232 97.865531 0.017349 0.002669
3 233 97.896781 0.014122 0.002173
3 234 97.928031 0.023772 0.003657
3 235 97.959281 0.098388 0.015137
3 236 97.990531 0.074886 0.011521
3 237 98.021781 0.010466 0.001610
3 238 98.053031 0.019419 0.002988
3 239 98.084281 0.015108 0.002324
3 240 98.115531 0.016810 0.002586
3 241 98.146781 0.008160 0.001255
3 242 98.178031 0.014341 0.002206
3 243 98.209281 0.007991 0.001229
3 244 98.240531 0.008970 0.001380
3 245 98.271781 0.008946 0.001376
3 246 98.303031 0.016231 0.002497
3 247 98.334281 0.009577 0.001473
3 248 98.365531 0.013123 0.002019
4 43 98.259281 0.010579 0.001628
4 44 98.290531 0.011733 0.001805
4 45 98.321781 0.011774 0.001811
4 46 98.353031 0.014080 0.002166
4 47 98.384281 0.011923 0.001834
4 48 98.415531 0.011990 0.001845
4 49 98.446781 0.012169 0.001872
4 50 98.478031 0.011943 0.001837
4 51 98.509281 0.011337 0.001744
4 52 98.540531 0.009570 0.001472
4 53 98.571781 0.010166 0.001564
4 54 98.603031 0.011011 0.001694
4 55 98.634281 0.010580 0.001628
4 56 98.665531 0.011999 0.001846
4 57 98.696781 0.011624 0.001788
4 58 98.728031 0.008137 0.001252
4 59 98.759281 0.010112 0.001556
4 60 98.790531 0.009026 0.001389
4 61 98.821781 0.009998 0.001538
4 62 98.853031 0.013816 0.002126
4 63 98.884281 0.013079 0.002012
4 64 98.915531 0.011552 0.001777
4 65 98.946781 0.012045 0.001853
4 66 98.978031 0.014879 0.002289
4 67 99.009281 0.013958 0.002147
4 68 99.040531 0.013355 0.002055
4 69 99.071781 0.011832 0.001820
4 70 99.103031 0.015079 0.002320
4 71 99.134281 0.012647 0.001946
4 72 99.165531 0.016969 0.002611
4 73 99.196781 0.014403 0.002216
4 74 99.228031 0.013001 0.002000
4 75 99.259281 0.018133 0.002790
4 76 99.290531 0.022196 0.003415
4 77 99.321781 0.014253 0.002193
4 78 99.353031 0.012213 0.001879
4 79 99.384281 0.012163 0.001871
4 80 99.415531 0.014592 0.002245
4 81 99.446781 0.016486 0.002536
4 82 99.478031 0.015856 0.002439
4 83 99.509281 0.015541 0.002391
4 84 99.540531 0.014190 0.002183
4 85 99.571781 0.015082 0.002320
4 86 99.603031 0.018621 0.002865
4 87 99.634281 0.017066 0.002625
4 88 99.665531 0.017503 0.002693
4 89 99.696781 0.017491 0.002691
4 90 99.728031 0.022028 0.003389
4 91 99.759281 0.021303 0.003277
4 92 99.790531 0.020473 0.003150
4 93 99.821781 0.017876 0.002750
4 94 99.853031 0.019299 0.002969
4 95 99.884281 0.015400 0.002369
4 96 99.915531 0.018937 0.002913
4 97 99.946781 0.018474 0.002842
4 98 99.978031 0.018888 0.002906
4 99 100.009281 0.015266 0.002349
4 100 100.040531 0.025853 0.003977
4 101 100.071781 0.030432 0.004682
4 102 100.103031 0.014661 0.002256
4 103 100.134281 0.012518 0.001926
4 104 100.165531 0.017105 0.002631
4 105 100.196781 0.016382 0.002520
4 106 100.228031 0.011979 0.001843
4 107 100.259281 0.014858 0.002286
4 108 100.290531 0.013092 0.002014
4 109 100.321781 0.011992 0.001845
4 110 100.353031 0.012865 0.001979
4 111 100.384281 0.009798 0.001507
4 112 100.415531 0.013955 0.002147
4 113 100.446781 0.011793 0.001814
4 114 100.478031 0.013158 0.002024
4 115 100.509281 0.013018 0.002003
4 116 100.540531 0.014077 0.002166
4 117 100.571781 0.016684 0.002567
4 118 100.603031 0.014373 0.002211
4 119 100.634281 0.015546 0.002392
4 120 100.665531 0.011375 0.001750
4 121 100.696781 0.010965 0.001687
4 122 100.728031 0.013730 0.002112
4 123 100.759281 0.013722 0.002111
4 124 100.790531 0.008816 0.001356
4 125 100.821781 0.011525 0.001773
4 126 100.853031 0.016810 0.002586
4 127 100.884281 0.012469 0.001918
4 128 100.915531 0.010154 0.001562
4 129 100.946781 0.013287 0.002044
4 130 100.978031 0.016003 0.002462
4 131 101.009281 0.013362 0.002056
4 132 101.040531 0.014194 0.002184
4 133 101.071781 0.011296 0.001738
4 134 101.103031 0.015759 0.002425
4 135 101.134281 0.020829 0.003204
4 136 101.165531 0.015653 0.002408
4 137 101.196781 0.018415 0.002833
4 138 101.228031 0.017044 0.002622
4 139 101.259281 0.012707 0.001955
4 140 101.290531 0.017352 0.002670
4 141 101.321781 0.016848 0.002592
4 142 101.353031 0.017982 0.002767
4 143 101.384281 0.015291 0.002352
4 144 101.415531 0.017149 0.002638
4 145 101.446781 0.024179 0.003720
4 146 101.478031 0.020090 0.003091
4 147 101.509281 0.019484 0.002998
4 148 101.540531 0.019887 0.003060
4 149 101.571781 0.019163 0.002948
4 150 101.603031 0.018507 0.002847
4 151 101.634281 0.017591 0.002706
4 152 101.665531 0.015422 0.002373
4 153 101.696781 0.019547 0.003007
4 154 101.728031 0.017540 0.002699
4 155 101.759281 0.018671 0.002872
4 156 101.790531 0.015022 0.002311
4 157 101.821781 0.014678 0.002258
4 158 101.853031 0.014969 0.002303
4 159 101.884281 0.012020 0.001849
4 160 101.915531 0.011813 0.001817
4 161 101.946781 0.015260 0.002348
4 162 101.978031 0.014930 0.002297
4 163 102.009281 0.014656 0.002255
4 164 102.040531 0.013365 0.002056
4 165 102.071781 0.014603 0.002247
4 166 102.103031 0.012586 0.001936
4 167 102.134281 0.015108 0.002324
4 168 102.165531 0.010525 0.001619
4 169 102.196781 0.012293 0.001891
4 170 102.228031 0.009681 0.001489
4 171 102.259281 0.006878 0.001058
4 172 102.290531 0.008668 0.001334
4 173 102.321781 0.010161 0.001563
4 174 102.353031 0.009487 0.001460
4 175 102.384281 0.012615 0.001941
4 176 102.415531 0.012724 0.001958
4 177 102.446781 0.013343 0.002053
4 178 102.478031 0.012021 0.001849
4 179 102.509281 0.017947 0.002761
4 180 102.540531 0.026313 0.004048
4 181 102.571781 0.016151 0.002485
4 182 102.603031 0.011334 0.001744
4 183 102.634281 0.013317 0.002049
4 184 102.665531 0.015018 0.002311
4 185 102.696781 0.012128 0.001866
4 186 102.728031 0.011704 0.001801
4 187 102.759281 0.010606 0.001632
4 188 102.790531 0.015580 0.002397
4 189 102.821781 0.010261 0.001579
4 190 102.853031 0.011408 0.001755
4 191 102.884281 0.013293 0.002045
4 192 102.915531 0.014599 0.002246
4 193 102.946781 0.016708 0.002571
4 194 102.978031 0.016858 0.002593
4 195 103.009281 0.016042 0.002468
4 196 103.040531 0.017275 0.002658
4 197 103.071781 0.014207 0.002186
4 198 103.103031 0.013450 0.002069
4 199 103.134281 0.013136 0.002021
4 200 103.165531 0.016322 0.002511
4 201 103.196781 0.016698 0.002569
4 202 103.228031 0.015214 0.002341
4 203 103.259281 0.015773 0.002427
4 204 103.290531 0.017159 0.002640
4 205 103.321781 0.014714 0.002264
4 206 103.353031 0.015778 0.002427
4 207 103.384281 0.014764 0.002271
4 208 103.415531 0.018608 0.002863
4 209 103.446781 0.017577 0.002704
4 210 103.478031 0.015295 0.002353
4 211 103.509281 0.018042 0.002776
4 212 103.540531 0.023143 0.003560
4 213 103.571781 0.019454 0.002993
4 214 103.603031 0.019900 0.003061
4 215 103.634281 0.018129 0.002789
4 216 103.665531 0.016427 0.002527
4 217 103.696781 0.018331 0.002820
4 218 103.728031 0.018310 0.002817
4 219 103.759281 0.017424 0.002681
4 220 103.790531 0.018019 0.002772
4 221 103.821781 0.018728 0.002881
4 222 103.853031 0.018382 0.002828
4 223 103.884281 0.018889 0.002906
4 224 103.915531 0.014888 0.002290
4 225 103.946781 0.015817 0.002433
4 226 103.978031 0.013685 0.002105
4 227 104.009281 0.014497 0.002230
4 228 104.040531 0.013041 0.002006
4 229 104.071781 0.012708 0.001955
4 230 104.103031 0.010414 0.001602
4 231 104.134281 0.011387 0.001752
4 232 104.165531 0.011917 0.001833
4 233 104.196781 0.017930 0.002758
4 234 104.228031 0.014592 0.002245
4 235 104.259281 0.015409 0.002371
4 236 104.290531 0.013383 0.002059
4 237 104.321781 0.013096 0.002015
4 238 104.353031 0.011464 0.001764
4 239 104.384281 0.012440 0.001914
4 240 104.415531 0.011256 0.001732
4 241 104.446781 0.013905 0.002139
4 242 104.478031 0.011903 0.001831
4 243 104.509281 0.012471 0.001919
4 244 104.540531 0.012829 0.001974
4 245 104.571781 0.011916 0.001833
4 246 104.603031 0.015864 0.002441
4 247 104.634281 0.014632 0.002251
4 248 104.665531 0.013669 0.002103
5 248 104.526469 0.014961 0.002302
5 247 104.557719 0.012664 0.001948
5 246 104.588969 0.013681 0.002105
5 245 104.620219 0.018780 0.002889
5 244 104.651469 0.013334 0.002051
5 243 104.682719 0.015177 0.002335
5 242 104.713969 0.010802 0.001662
5 241 104.745219 0.013697 0.002107
5 240 104.776469 0.011341 0.001745
5 239 104.807719 0.012651 0.001946
5 238 104.838969 0.007190 0.001106
5 237 104.870219 0.007613 0.001171
5 236 104.901469 0.010630 0.001635
5 235 104.932719 0.010902 0.001677
5 234 104.963969 0.012134 0.001867
5 233 104.995219 0.007448 0.001146
5 232 105.026469 0.009846 0.001515
5 231 105.057719 0.011784 0.001813
5 230 105.088969 0.009715 0.001495
5 229 105.120219 0.011701 0.001800
5 228 105.151469 0.012213 0.001879
5 227 105.182719 0.016000 0.002462
5 226 105.213969 0.011565 0.001779
5 225 105.245219 0.010056 0.001547
5 224 105.276469 0.009812 0.001510
5 223 105.307719 0.011360 0.001748
5 222 105.338969 0.011800 0.001815
5 221 105.370219 0.011244 0.001730
5 220 105.401469 0.011973 0.001842
5 219 105.432719 0.011110 0.001709
5 218 105.463969 0.011197 0.001723
5 217 105.495219 0.012194 0.001876
5 216 105.526469 0.012012 0.001848
5 215 105.557719 0.012061 0.001856
5 214 105.588969 0.013502 0.002077
5 213 105.620219 0.010131 0.001559
5 212 105.651469 0.011976 0.001842
5 211 105.682719 0.011640 0.001791
5 210 105.713969 0.010047 0.001546
5 209 105.745219 0.012002 0.001846
5 208 105.776469 0.015382 0.002366
5 207 105.807719 0.011294 0.001737
5 206 105.838969 0.013959 0.002148
5 205 105.870219 0.012935 0.001990
5 204 105.901469 0.016174 0.002488
5 203 105.932719 0.014846 0.002284
5 202 105.963969 0.013402 0.002062
5 201 105.995219 0.013113 0.002017
5 200 106.026469 0.013632 0.002097
5 199 106.057719 0.013418 0.002064
5 198 106.088969 0.010634 0.001636
5 197 106.120219 0.018807 0.002893
5 196 106.151469 0.018442 0.002837
5 195 106.182719 0.016406 0.002524
5 194 106.213969 0.012290 0.001891
5 193 106.245219 0.015907 0.002447
5 192 106.276469 0.014790 0.002275
5 191 106.307719 0.014085 0.002167
5 190 106.338969 0.016353 0.002516
5 189 106.370219 0.012705 0.001955
5 188 106.401469 0.014553 0.002239
5 187 106.432719 0.012470 0.001919
5 186 106.463969 0.014664 0.002256
5 185 106.495219 0.014844 0.002284
5 184 106.526469 0.013265 0.002041
5 183 106.557719 0.015288 0.002352
5 182 106.588969 0.009533 0.001467
5 181 106.620219 0.011416 0.001756
5 180 106.651469 0.012499 0.001923
5 179 106.682719 0.011208 0.001724
5 178 106.713969 0.008443 0.001299
5 177 106.745219 0.011409 0.001755
5 176 106.776469 0.008699 0.001338
5 175 106.807719 0.009309 0.001432
5 174 106.838969 0.010560 0.001625
5 173 106.870219 0.014290 0.002198
5 172 106.901469 0.014196 0.002184
5 171 106.932719 0.011668 0.001795
5 170 106.963969 0.010936 0.001682
5 169 106.995219 0.010360 0.001594
5 168 107.026469 0.007951 0.001223
5 167 107.057719 0.009730 0.001497
5 166 107.088969 0.006842 0.001053
5 165 107.120219 0.009327 0.001435
5 164 107.151469 0.008773 0.001350
5 163 107.182719 0.010520 0.001618
5 162 107.213969 0.011104 0.001708
5 161 107.245219 0.010737 0.001652
5 160 107.276469 0.011081 0.001705
5 159 107.307719 0.011163 0.001717
5 158 107.338969 0.010071 0.001549
5 157 107.370219 0.008719 0.001341
5 156 107.401469 0.008780 0.001351
5 155 107.432719 0.010912 0.001679
5 154 107.463969 0.010173 0.001565
5 153 107.495219 0.014195 0.002184
5 152 107.526469 0.013021 0.002003
5 151 107.557719 0.008503 0.001308
5 150 107.588969 0.011625 0.001789
5 149 107.620219 0.010436 0.001606
5 148 107.651469 0.009954 0.001531
5 147 107.682719 0.015355 0.002362
5 146 107.713969 0.011077 0.001704
5 145 107.745219 0.012223 0.001880
5 144 107.776469 0.011442 0.001760
5 143 107.807719 0.011250 0.001731
5 142 107.838969 0.012040 0.001852
5 141 107.870219 0.007007 0.001078
5 140 107.901469 0.010589 0.001629
5 139 107.932719 0.010463 0.001610
5 138 107.963969 0.008153 0.001254
5 137 107.995219 0.009909 0.001524
5 136 108.026469 0.010798 0.001661
5 135 108.057719 0.014596 0.002245
5 134 108.088969 0.013846 0.002130
5 133 108.120219 0.015192 0.002337
5 132 108.151469 0.015701 0.002416
5 131 108.182719 0.014902 0.002293
5 130 108.213969 0.016114 0.002479
5 129 108.245219 0.012517 0.001926
5 128 108.276469 0.012331 0.001897
5 127 108.307719 0.014795 0.002276
5 126 108.338969 0.014296 0.002199
5 125 108.370219 0.013043 0.002007
5 124 108.401469 0.009899 0.001523
5 123 108.432719 0.009415 0.001448
5 122 108.463969 0.011998 0.001846
5 121 108.495219 0.012747 0.001961
5 120 108.526469 0.010830 0.001666
5 119 108.557719 0.014349 0.002208
5 118 108.588969 0.015345 0.002361
5 117 108.620219 0.016838 0.002590
5 116 108.651469 0.014933 0.002297
5 115 108.682719 0.014341 0.002206
5 114 108.713969 0.011629 0.001789
5 113 108.745219 0.015339 0.002360
5 112 108.776469 0.017396 0.002676
5 111 108.807719 0.015186 0.002336
5 110 108.838969 0.012831 0.001974
5 109 108.870219 0.021791 0.003352
5 108 108.901469 0.015418 0.002372
5 107 108.932719 0.010998 0.001692
5 106 108.963969 0.013022 0.002003
5 105 108.995219 0.014750 0.002269
5 104 109.026469 0.016877 0.002596
5 103 109.057719 0.015733 0.002420
5 102 109.088969 0.015694 0.002414
5 101 109.120219 0.014202 0.002185
5 100 109.151469 0.025861 0.003979
5 99 109.182719 0.018540 0.002852
5 98 109.213969 0.013955 0.002147
5 97 109.245219 0.016827 0.002589
5 96 109.276469 0.018040 0.002775
5 95 109.307719 0.015861 0.002440
5 94 109.338969 0.014825 0.002281
5 93 109.370219 0.018816 0.002895
5 92 109.401469 0.014486 0.002229
5 91 109.432719 0.016783 0.002582
5 90 109.463969 0.017763 0.002733
5 89 109.495219 0.014905 0.002293
5 88 109.526469 0.016174 0.002488
5 87 109.557719 0.016285 0.002505
5 86 109.588969 0.014688 0.002260
5 85 109.620219 0.012099 0.001861
5 84 109.651469 0.012577 0.001935
5 83 109.682719 0.010681 0.001643
5 82 109.713969 0.017740 0.002729
5 81 109.745219 0.097002 0.014923
5 80 109.776469 0.127236 0.019575
5 79 109.807719 0.042454 0.006531
5 78 109.838969 0.010672 0.001642
5 77 109.870219 0.022706 0.003493
5 76 109.901469 0.028358 0.004363
5 75 109.932719 0.005427 0.000835
5 74 109.963969 0.009992 0.001537
5 73 109.995219 0.010869 0.001672
5 72 110.026469 0.015215 0.002341
5 71 110.057719 0.004559 0.000701
5 70 110.088969 0.015458 0.002378
5 69 110.120219 -0.000027 -0.000004
5 68 110.151469 0.178112 0.027402
5 67 110.182719 0.419266 0.064502
5 66 110.213969 0.266921 0.041065
5 65 110.245219 0.016167 0.002487
5 64 110.276469 0.016589 0.002552
5 63 110.307719 0.016147 0.002484
5 62 110.338969 0.018114 0.002787
5 61 110.370219 0.018309 0.002817
5 60 110.401469 0.014985 0.002305
5 59 110.432719 0.011944 0.001838
5 58 110.463969 0.007196 0.001107
5 57 110.495219 0.014832 0.002282
5 56 110.526469 0.010492 0.001614
5 55 110.557719 0.006828 0.001050
5 54 110.588969 0.009621 0.001480
5 53 110.620219 0.005768 0.000887
5 52 110.651469 0.013263 0.002040
5 51 110.682719 0.012248 0.001884
5 50 110.713969 0.016449 0.002531
5 49 110.745219 0.011866 0.001825
5 48 110.776469 0.009918 0.001526
5 47 110.807719 0.008771 0.001349
5 46 110.838969 0.010141 0.001560
5 45 110.870219 0.009544 0.001468
5 44 110.901469 0.011678 0.001797
5 43 110.932719 0.008734 0.001344
