 frec (GHz), ta[mK],cont_sinlineas
      73.0633       0.132792       0.180287
      73.0945     -0.0868311     -0.0525594
      73.1258     -0.0122900      0.0185571
      73.1570       0.152095      0.0201912
      73.1883      -0.247606      -0.261788
      73.2195     -0.0879264      -0.105751
      73.2508     -0.0126623    -0.00202096
      73.2820       0.485204       0.526844
      73.3133      -0.400338      -0.425846
      73.3445      0.0868659      0.0329977
      73.3758      -0.223545      -0.176203
      73.4070       0.107892       0.112613
      73.4383       0.426437       0.528249
      73.4695      -0.115741      -0.156950
      73.5008      -0.418193      -0.393627
      73.5320       0.176631       0.141348
      73.5633        1.74040       0.124926
      73.5945       0.422303      0.0608232
      73.6258      -0.135784      -0.150694
      73.6570     -0.0634174      -0.165503
      73.6883     -0.0234499      0.0364793
      73.7195       0.109120       0.103946
      73.7508       0.107719       0.126169
      73.7820     -0.0381688      0.0313217
      73.8133      -0.247026      -0.252259
      73.8445       0.377078       0.329965
      73.8758      -0.107532      -0.185007
      73.9070      -0.359602      -0.289058
      73.9383       0.208260       0.169874
      73.9695       0.158524      0.0881842
      74.0008     -0.0156752      0.0536014
      74.0320      -0.438281      -0.394795
      74.0633       0.495701       0.454636
      74.0945     -0.0493809      0.0864313
      74.1258      0.0184287     0.00302804
      74.1570     -0.0322077     -0.0696083
      74.1883     -0.0283462      -0.181557
      74.2195      -0.502255      -0.475270
      74.2508       0.515632       0.551718
      74.2820      0.0630001       0.121629
      74.3133      0.0209309      0.0557181
      74.3445      -0.178225      -0.228247
      74.3758      -0.113922      -0.139818
      74.4070      0.0599612      0.0657972
      74.4383       0.197814       0.210403
      74.4695       0.127069       0.153639
      74.5008      -0.558428      -0.546720
      74.5320       0.426234       0.363455
      74.5633      -0.101450      -0.147368
      74.5945     -0.0605799     -0.0298927
      74.6258     -0.0892553    0.000526905
      74.6570       0.281277       0.192940
      74.6883     -0.0684415      0.0506294
      74.7195     -0.0640302     -0.0599743
      74.7508      0.0191646     -0.0179603
      74.7820       0.127294      0.0343754
      74.8133      -0.366424      -0.407851
      74.8445      0.0664806      0.0876853
      74.8758      0.0951213       0.171023
      74.9070       0.234026       0.318350
      74.9383      0.0721515      0.0680117
      74.9695      -0.265632      -0.346613
      75.0008      -0.219247      -0.296965
      75.0320      0.0381775     -0.0241841
      75.0633       0.304585       0.433839
      75.0945     -0.0900475     -0.0601095
      75.1258      0.0998009       0.105767
      75.1570     -0.0781298      -0.135454
      75.1883      -0.394108      -0.368799
      75.2195       0.529991       0.582751
      75.2508     -0.0169955     -0.0663402
      75.2820     -0.0501514     -0.0641375
      75.3133      -0.419606      -0.406725
      75.3445       0.218281       0.127578
      75.3758       0.200953       0.321268
      75.4070      0.0522988      0.0366505
      75.4383      -0.206325      -0.207210
      75.4695     -0.0223072     -0.0763612
      75.5008      -0.148026     -0.0972307
      75.5320       0.426533       0.423126
      75.5633     -0.0562380     -0.0390512
      75.5945      -0.220009      -0.251054
      75.6258      -0.194416      -0.204434
      75.6570       0.364498       0.308953
      75.6883     -0.0914891      0.0246527
      75.7195      0.0634806      0.0932029
      75.7508     -0.0185151     -0.0927529
      75.7820     -0.0552640      -0.146639
      75.8133      -0.305658      -0.227942
      75.8445       0.295455       0.283021
      75.8758       0.237420       0.256051
      75.9070      -0.166554      -0.169305
      75.9383      -0.340381      -0.262471
      75.9695       0.334671       0.276501
      76.0008       0.103256       0.107235
      76.0320     -0.0168397      0.0266108
      76.0633      -0.359307      -0.408620
      76.0945       0.217840      0.0970187
      76.1258     -0.0857444     -0.0745197
      76.1570     -0.0633506      0.0471889
      76.1883       0.240143       0.278525
      76.2195       0.116836      0.0474850
      76.2508      -0.245922      -0.190755
      76.2820      -0.251424      -0.210697
      76.3133       0.483126       0.395571
      76.3445      0.0371256      0.0114033
      76.3758      -0.420130      -0.371748
      76.4070      -0.101441     -0.0608461
      76.4383       0.541671       0.437054
      76.4695     -0.0802164     -0.0420746
      76.5008      -0.340368      -0.322352
      76.5320     -0.0959956      -0.140305
      76.5633       0.399377       0.426112
      76.5945     -0.0527661     -0.0173216
      76.6258     0.00265378      0.0365199
      76.6570      -0.118363      -0.175986
      76.6883      -0.193177      -0.221529
      76.7195       0.365610       0.399622
      76.7508      -0.122831      -0.180601
      76.7820     -0.0164155      0.0190910
      76.8133      -0.200718      -0.163520
      76.8445       0.216584       0.213224
      76.8758       0.236515       0.310096
      76.9070      -0.193108      -0.247002
      76.9383      -0.138766      -0.155070
      76.9695     -0.0499696      -0.157830
      77.0008      0.0353032     0.00660384
      77.0320      0.0999699       0.201986
      77.0633     -0.0693606    -0.00253749
      77.0945       0.235039       0.273633
      77.1258     -0.0210412     -0.0366482
      77.1570      -0.197448      -0.261762
      77.1883       0.434801      -0.110211
      77.2195      -0.342056     -0.0341603
      77.2508     0.00708520      0.0500212
      77.2820      0.0641938       0.131765
      77.3133      0.0435603      0.0724729
      77.3445      0.0478591      0.0205548
      77.3758      -0.111043      -0.109721
      77.4070     -0.0651774     -0.0428017
      77.4383      0.0934590      0.0834429
      77.4695       0.181879       0.148550
      77.5008      -0.236892      -0.163445
      77.5320     -0.0693030     -0.0951352
      77.5633       0.228792       0.189531
      77.5945      0.0335369    -0.00378782
      77.6258      -0.410480      -0.421517
      77.6570       0.210615       0.196793
      77.6883      0.0113767      0.0289223
      77.7195      0.0925252       0.173241
      77.7508      0.0835584       0.144371
      77.7820     -0.0794271      -0.142457
      77.8133     -0.0969570      -0.101194
      77.8445       0.118696     -0.0335227
      77.8758        1.09875      0.0272849
      77.9070     -0.0546557      0.0304241
      77.9383     -0.0222745     -0.0282647
      77.9695       0.742585     -0.0208607
      78.0008       0.515943    -0.00814056
      78.0320       0.119620      0.0109276
      78.0633      0.0289467      0.0451406
      78.0945      0.0195642      0.0297415
      78.1258     -0.0759357      0.0137582
      78.1570     -0.0677133     -0.0160656
      78.1883       0.373548     -0.0255997
      78.2195       0.207790     -0.0291502
      78.2508     -0.0462784     -0.0422807
      78.2820       0.133659       0.137464
      78.3133     -0.0555755     -0.0531424
      78.3445       0.471619     -0.0144035
      78.3758        1.01706     0.00543958
      78.4070       0.515879     -0.0300108
      78.4383       0.406130     -0.0365570
      78.4695     -0.0815451     -0.0746081
      78.5008      0.0835837       0.138478
      78.5320       0.208335       0.158676
      78.5633      -0.198382      -0.152449
      78.5945     -0.0417098     -0.0548117
      78.6258     -0.0671817      -0.106874
      78.6570       0.350541       0.345187
      78.6883      -0.383576      -0.358303
      78.7195       0.151684       0.180655
      78.7508      0.0473853      0.0492494
      78.7820      0.0226798     -0.0267388
      78.8133     -0.0390562      0.0831376
      78.8445     -0.0787055      -0.183205
      78.8758       0.119251       0.103849
      78.9070     -0.0221860     -0.0899603
      78.9383      -0.369329      -0.375793
      78.9695       0.330766       0.402343
      79.0008    -0.00216603      0.0483232
      79.0320       0.252836       0.317687
      79.0633      -0.181048      -0.167223
      79.0945      -0.131335      -0.250104
      79.1258     -0.0367169     -0.0593856
      79.1570       0.776118      0.0186124
      79.1883       0.150474      0.0648065
      79.2195      0.0296564      0.0446813
      79.2508     -0.0507926     -0.0125815
      79.2820     -0.0146707      0.0311842
      79.3133       0.201899       0.206246
      79.3445     -0.0280519     -0.0609787
      79.3758      -0.195675      -0.312496
      79.4070      -0.168502      -0.157669
      79.4383       0.106823       0.121086
      79.4695       0.189511       0.273303
      79.3633       0.289182       0.324664
      79.3945      -0.479307      -0.483110
      79.4258      0.0550737    -0.00426102
      79.4570      0.0177361     -0.0383239
      79.4883       0.109892       0.138501
      79.5195     -0.0914891     -0.0222983
      79.5508      0.0884373      0.0721796
      79.5820      0.0158746     0.00948495
      79.6133      -0.147983      -0.141151
      79.6445       0.146498      0.0690653
      79.6758      -0.164944      -0.146802
      79.7070      0.0635109      0.0670933
      79.7383     -0.0661124    -0.00733328
      79.7695       0.377481       0.339175
      79.8008      -0.415351      -0.352629
      79.8320       0.189234       0.127797
      79.8633      -0.151645      -0.152620
      79.8945       0.208264       0.190324
      79.9258      -0.236939      -0.141163
      79.9570       0.307121       0.265904
      79.9883      -0.156195      -0.154217
      80.0195     -0.0318224     -0.0834149
      80.0508      -0.110134      -0.139932
      80.0820      0.0620390      0.0731539
      80.1133      0.0746062       0.105208
      80.1445      0.0213422      0.0349326
      80.1758      0.0644243      0.0651096
      80.2070      -0.309753      -0.326958
      80.2383       0.276792       0.299602
      80.2695     -0.0552943     -0.0210809
      80.3008       0.103775      0.0953220
      80.3320     -0.0785763     -0.0705802
      80.3633      -0.106427      -0.181953
      80.3945     -0.0357563     -0.0198238
      80.4258     0.00198036       0.138086
      80.4570       0.217507     -0.0181631
      80.4883       0.502994     0.00495476
      80.5195       0.647266     -0.0304476
      80.5508      0.0165015      0.0495877
      80.5820      0.0731812      0.0681683
      80.6133      -0.192693      -0.186814
      80.6445       0.275778       0.265705
      80.6758      -0.307312      -0.292258
      80.7070       0.249870       0.161063
      80.7383      -0.193649      -0.182902
      80.7695     -0.0194935     0.00891614
      80.8008    -0.00706911      0.0151026
      80.8320       0.410792       0.442315
      80.8633      -0.299944      -0.212459
      80.8945     -0.0759955      -0.147760
      80.9258       0.307377       0.232322
      80.9570      -0.431610      -0.490643
      80.9883     -0.0171643      0.0673311
      81.0195       0.354879       0.368180
      81.0508      0.0228659      0.0656551
      81.0820      -0.102026     -0.0489510
      81.1133     -0.0659090      -0.142706
      81.1445    -0.00741982      -0.118065
      81.1758      -0.157602      -0.115925
      81.2070       0.202303       0.194289
      81.2383     -0.0580605     -0.0517108
      81.2695       0.113520       0.179056
      81.3008      -0.204762      -0.171739
      81.3320       0.260589       0.255478
      81.3633    -0.00549340    -0.00902790
      81.3945      -0.199389      -0.236972
      81.4258      0.0286624      0.0146924
      81.4570     -0.0272552     -0.0959067
      81.4883      0.0693984       0.101942
      81.5195     -0.0582078     -0.0553706
      81.5508      0.0357751      0.0815573
      81.5820      0.0430521      0.0852519
      81.6133      0.0391906      0.0192286
      81.6445      0.0783464      0.0953333
      81.6758      -0.275398      -0.311697
      81.7070       0.110334      0.0823306
      81.7383      0.0793077      0.0653723
      81.7695      -0.125644      -0.120907
      81.8008      0.0545822       0.140586
      81.8320       0.208545      0.0340946
      81.8633        2.15983    -0.00705087
      81.8945        1.32426     -0.0883709
      81.9258      -0.147999      -0.175964
      81.9570       0.230766       0.240559
      81.9883     -0.0158219     0.00342762
      82.0195      -0.199914     -0.0169303
      82.0508       0.249789     -0.0282749
      82.0820        1.23260     -0.0207452
      82.1133   -0.000777245      0.0171483
      82.1445    -0.00203258      0.0246513
      82.1758       0.172154     0.00877315
      82.2070        1.23524     -0.0251143
      82.2383       0.627724     -0.0199879
      82.2695     -0.0535147     -0.0980038
      82.3008       0.139078       0.129839
      82.3320     -0.0580605     -0.0481166
      82.3633      -0.177480     -0.0913427
      82.3945       0.362056       0.381331
      82.4258     -0.0256406      -0.140548
      82.4570      -0.188450      -0.148872
      82.4883      -0.295346      -0.300026
      82.5195       0.336753       0.274644
      82.5508       0.305372       0.390809
      82.5820      -0.460576      -0.451583
      82.6133      0.0867879      0.0783124
      82.6445       0.107173      0.0567716
      82.6758      -0.119861     -0.0937015
      82.7070       0.148870       0.196636
      82.7383     -0.0203592     -0.0813122
      82.7695      -0.142182      -0.160643
      82.8008     -0.0349523     -0.0186106
      82.8320       0.165004       0.171981
      82.8633     -0.0209306      0.0501982
      82.8945      0.0990824      0.0943731
      82.9258     -0.0854415      -0.198790
      82.9570      -0.212385      -0.199340
      82.9883     -0.0260085      0.0778556
      83.0195       0.386359       0.360347
      83.0508       0.212013       0.219000
      83.0820      -0.583519      -0.585392
      83.1133      -0.148887      -0.208869
      83.1445       0.478987       0.414308
      83.1758     -0.0666665     0.00383693
      83.2070      -0.141632      -0.116165
      83.2383      0.0188183     -0.0115454
      83.2695      0.0209740      0.0239930
      83.3008     -0.0813029     -0.0340022
      83.3320       0.379082       0.378569
      83.3633      -0.299952      -0.296799
      83.3945      -0.128238      -0.145065
      83.4258       0.214818       0.211392
      83.4570     0.00976205     -0.0712470
      83.4883      -0.179363      -0.100384
      83.5195      0.0851517      0.0837950
      83.5508    -0.00682235      0.0113615
      83.5820       0.219325       0.227399
      83.6133      -0.191619      -0.201109
      83.6445     -0.0492249     -0.0861560
      83.6758     -0.0961903      -0.117165
      83.7070       0.229741       0.164224
      83.7383      -0.148411     -0.0699276
      83.7695     -0.0263158     -0.0417085
      83.8008      0.0805414       0.102376
      83.8320       0.124442       0.216923
      83.8633      -0.140034      -0.124718
      83.8945       0.256589       0.267310
      83.9258      -0.132593      -0.222627
      83.9570      -0.366013      -0.443811
      83.9883       0.287446       0.304499
      84.0195      -0.171493      -0.199056
      84.0508       0.267485       0.328702
      84.0820     -0.0559998      0.0205317
      84.1133      -0.119861      -0.214149
      84.1445      0.0496062       0.113214
      84.1758      0.0628096      0.0442262
      84.2070      -0.119000     -0.0795733
      84.2383       0.296069       0.240345
      84.2695      -0.324528      -0.422158
      84.3008      -0.146965     -0.0951669
      84.3320       0.108206       0.196514
      84.3633       0.435087       0.465882
      84.3945      0.0170530      0.0829365
      84.4258      -0.404157      -0.477372
      84.4570       0.322936      -0.184708
      84.4883       0.517229     -0.0178673
      84.5195       0.742903      0.0398364
      84.5508    -0.00806761     0.00301135
      84.5820      -0.663500      0.0523568
      84.6133       0.206396       0.275487
      84.6445      0.0669143       0.142188
      84.6758   -0.000898600      -0.101021
      84.7070      -0.244208      -0.265887
      84.7383     -0.0720345     -0.0576153
      84.7695      0.0800997      0.0636342
      84.8008       0.493970       0.474781
      84.8320      -0.536415      -0.519594
      84.8633      -0.177095      -0.152184
      84.8945       0.387688       0.398098
      84.9258       0.172546       0.119483
      84.9570      -0.226619      -0.165424
      84.9883      -0.241775      -0.304858
      85.0195      0.0630564     -0.0288438
      85.0508       0.198048       0.197312
      85.0820     -0.0865194      0.0165315
      85.1133     -0.0533029      0.0159978
      85.1445       0.210814       0.225181
      85.1758      0.0953063      0.0797309
      85.2070      -0.291935      -0.304014
      85.2383      0.0100684     -0.0179810
      85.2695      0.0465288     -0.0116535
      85.3008       0.565996      0.0386447
      85.3320        2.44184     -0.0129021
      85.3633       0.154717      -0.103217
      85.3945      -0.160580      0.0470532
      85.4258       0.518778     0.00434828
      85.4570       0.537212      0.0244490
      85.4883      -0.642957      0.0872376
      85.5195       0.220019       0.210563
      85.5508      -0.249891      -0.253033
      85.5820     -0.0530974     -0.0402662
      85.6133       0.113689       0.105133
      85.6445       0.277716      0.0871273
      85.6758       0.278243     -0.0290294
      85.7070       0.819245      -0.246414
      85.7383     -0.0417681     -0.0844507
      85.7695     -0.0302597     -0.0136205
      85.6305      -0.448568       0.293305
      85.6617       0.656719       0.126709
      85.6930       0.922286      0.0192558
      85.7242       0.158622     -0.0877886
      85.7555      -0.130171      -0.193008
      85.7867      0.0174761     -0.0225823
      85.8180     -0.0673800     -0.0870664
      85.8492       0.141348       0.156850
      85.8805      -0.111159     -0.0725082
      85.9117       0.105374       0.153851
      85.9430       0.337219      0.0539519
      85.9742       0.567346     -0.0380291
      86.0055     -0.0744658     -0.0714797
      86.0367      -0.104308      -0.176103
      86.0680       0.116526       0.166933
      86.0992      0.0515058      0.0768626
      86.1305     -0.0293918     -0.0108939
      86.1617       0.133368       0.128955
      86.1930      -0.284922      -0.329363
      86.2242       0.114850       0.106331
      86.2555      0.0127919      0.0225797
      86.2867       0.188592      0.0143645
      86.3180        1.32436    -0.00848830
      86.3492       0.685127     -0.0990775
      86.3805     -0.0884395    -0.00495052
      86.4117       0.166293       0.179094
      86.4430      0.0713029       0.113218
      86.4742      0.0725636     0.00958985
      86.5055      -0.422355      -0.453547
      86.5367       0.178353       0.159624
      86.5680     -0.0547315     -0.0245826
      86.5992       0.353229       0.394340
      86.6305      -0.206753      -0.157846
      86.6617       0.681132      -0.134044
      86.6930       0.405970     -0.0275058
      86.7242        1.09518     0.00361890
      86.7555        1.43000       0.123021
      86.7867       0.980091      0.0630525
      86.8180        1.46173    -0.00790894
      86.8492        1.07491      -0.200431
      86.8805      -0.372749      -0.438571
      86.9117       0.213342       0.266639
      86.9430       0.115628       0.233527
      86.9742       0.315535       0.345393
      87.0055      -0.139052     -0.0661887
      87.0367      -0.285515      -0.338923
      87.0680      0.0261439    0.000130653
      87.0992       0.392438       0.341470
      87.1305      -0.344040      -0.330376
      87.1617     -0.0347930     -0.0321175
      87.1930      0.0217111     0.00308901
      87.2242       0.296316      0.0516331
      87.2555       0.164935      0.0553802
      87.2867        5.63341     -0.0201894
      87.3180        6.88301   8.34465e-007
      87.3492        1.18160     -0.0275581
      87.3805        3.48435     -0.0332056
      87.4117        2.68027     -0.0241988
      87.4430       0.261239      0.0472549
      87.4742       0.128970       0.164998
      87.5055     -0.0279931     -0.0121306
      87.5367      0.0206226     0.00329733
      87.5680      -0.122015      -0.142844
      87.5992     0.00853258     -0.0232153
      87.6305      0.0332382      0.0377856
      87.6617      0.0379179      0.0438439
      87.6930     -0.0583332     -0.0329906
      87.7242      0.0471084    -0.00771517
      87.7555     -0.0530500     -0.0975078
      87.7867      -0.101661      -0.107013
      87.8180     -0.0171291      0.0201844
      87.8492       0.230071       0.350789
      87.8805     -0.0349069       0.168907
      87.9117        2.64491     -0.0711050
      87.9430       0.739700      -0.253869
      87.9742      -0.365417      -0.440152
      88.0055       0.254136       0.283370
      88.0367       0.340427       0.399609
      88.0680      -0.176686      -0.119033
      88.0992     -0.0398547     -0.0269220
      88.1305     -0.0802957      -0.212805
      88.1617       0.634377      -0.101317
      88.1930       0.102143      0.0393522
      88.2242        1.03636      0.0312185
      88.2555       0.142770       0.325013
      88.2867       0.114709       0.165386
      88.3180      -0.224930      -0.161061
      88.3492       0.519871       0.231553
      88.3805      -0.943667      -0.938966
      88.4117       0.196649       0.191888
      88.4430     0.00741762      0.0264657
      88.4742        1.03284        1.02038
      88.5055       -1.21937       -1.07908
      88.5367       0.297875       0.212666
      88.5680       -2.24246       0.160889
      88.5992        23.8068      0.0764289
      88.6305        35.8048      0.0354328
      88.6617        3.48379      -0.129546
      88.6930      -0.305066      0.0835283
      88.7242      0.0927738      0.0411847
      88.7555      0.0859778      0.0151771
      88.7867      -0.334173      -0.402715
      88.8180      -0.232441      -0.130248
      88.8492       0.551446       0.553351
      88.8805       0.127476       0.229354
      88.9117     -0.0611255      -0.182102
      88.9430      -0.677515      -0.546606
      88.9742       0.537632       0.422106
      89.0055     -0.0890336      -0.149663
      89.0367       0.554132       0.519876
      89.0680       -1.40810       -1.38904
      89.0992       0.759626       0.714466
      89.1305      -0.743869       0.407264
      89.1617        26.3721       0.204905
      89.1930        27.5956     -0.0575509
      89.2242       0.171466      -0.285805
      89.2555        1.21912      -0.183432
      89.2867      -0.334356      -0.343407
      89.3180       0.866701       0.880961
      89.3492      -0.509682      -0.474442
      89.3805      0.0287733      0.0650114
      89.4117      0.0136526      0.0996628
      89.4430        1.12910     0.00427866
      89.4742       0.459712      0.0201104
      89.5055       0.918241      -0.181148
      89.5367      -0.251757      -0.229834
      89.5680       0.640175       0.567668
      89.5992      -0.365125      -0.295968
      89.6305     -0.0776695      -0.100762
      89.6617     -0.0405843     -0.0495381
      89.6930       0.377104       0.296553
      89.7242      -0.486086      -0.267053
      89.7555       0.460156       0.392364
      89.7867     -0.0738224     -0.0228274
      89.8180      0.0181516      -0.123177
      89.8492      -0.539143      -0.502336
      89.8805       0.539961       0.458259
      89.9117      -0.396632      -0.256802
      89.9430       0.655965       0.604331
      89.9742      -0.451892      -0.411788
      90.0055     -0.0383201      -0.120914
      90.0367      -0.221242      -0.167438
      90.0680       0.649026       0.517084
      90.0992      -0.445892      -0.290963
      90.1305     0.00282276      0.0145409
      90.1617       0.129905       0.183543
      90.1930       0.290524       0.186058
      90.2242      -0.414480      -0.351741
      90.2555      0.0235283      -0.140030
      90.2867      -0.186078     -0.0709230
      90.3180       0.399338       0.395895
      90.3492     -0.0240692      0.0572215
      90.3805       0.239221       0.139776
      90.4117      -0.908134      -0.843331
      90.4430       0.654004       0.581498
      90.4742     -0.0224745     -0.0410168
      90.5055       0.158949       0.135316
      90.5367      -0.670912      -0.589918
      90.5680       0.392061       0.278844
      90.5992       -1.62254       0.225461
      90.6305        8.38627      0.0382921
      90.6617        13.6140     -0.0651370
      90.6930        1.15451      -0.107561
      90.7242      0.0870265      0.0499609
      90.7555      0.0889788      0.0651830
      90.7867      0.0880222       0.101467
      90.8180      -0.221907      -0.211726
      90.8492     -0.0120934     -0.0206238
      90.8805       0.260957       0.238348
      90.9117      -0.169483      -0.280042
      90.9430       0.785943      -0.140160
      90.9742        2.35952      0.0194643
      91.0055      -0.104832       0.254338
      91.0367       0.415255       0.497391
      91.0680      -0.392578      -0.413025
      91.0992      -0.157162      -0.220101
      91.1305      0.0363374     -0.0199651
      91.1617       0.707454      0.0194429
      91.1930       0.842757      0.0265018
      91.2242       0.364485     -0.0479546
      91.2555     -0.0130897      0.0725741
      91.2867       0.387474       0.343325
      91.3180      -0.232340      -0.176588
      91.3492     -0.0768582      -0.121146
      91.3805      -0.174996      -0.170132
      91.4117       0.485710       0.420543
      91.4430      -0.414446      -0.342338
      91.4742       0.239173       0.225359
      91.5055      -0.228991      -0.243051
      91.5367       0.239974       0.108797
      91.5680      -0.303134      -0.245492
      91.5992      0.0553985      0.0474803
      91.6305      0.0590044       0.187548
      91.6617       0.390606       0.437138
      91.6930      -0.165485      -0.133918
      91.7242      -0.130978      -0.221785
      91.7555      -0.164407      -0.243482
      91.7867      0.0128921     -0.0427585
      91.8180       0.143102       0.203431
      91.8492      0.0455613      0.0791944
      91.8805     -0.0391387    -0.00940359
      91.9117      0.0430952     -0.0282163
      91.9430       0.676101     -0.0138276
      91.9742        2.02659     0.00149095
      92.0055       0.741785     -0.0149753
      92.0367       0.344714     -0.0363471
      91.9593        1.38166      0.0862224
      91.9905        1.00762      0.0577596
      92.0218       0.322614     -0.0537451
      92.0530       0.210423      -0.110169
      92.0843      -0.191594      -0.223764
      92.1155       0.259925       0.274474
      92.1468       0.171376       0.209095
      92.1780      -0.315825      -0.277443
      92.2093       0.180712       0.190148
      92.2405     -0.0356492     -0.0923191
      92.2718       0.210614     -0.0153419
      92.3030      -0.195555     0.00244486
      92.3343       0.262089    -0.00718564
      92.3655       0.614526      0.0359289
      92.3968       0.410570    -0.00860363
      92.4280     -0.0359649     -0.0462378
      92.4593       0.898778     -0.0432681
      92.4905       0.415146     -0.0366899
      92.5218      -0.210088      0.0271403
      92.5530      0.0650444       0.121224
      92.5843       0.195077       0.165535
      92.6155      -0.117332      -0.114920
      92.6468      -0.223212      -0.234365
      92.6780      0.0597360      0.0407226
      92.7093       0.276455       0.265965
      92.7405      -0.189035      -0.165914
      92.7718     -0.0476838     -0.0638577
      92.8030     -0.0149826     -0.0579276
      92.8343      0.0245845      0.0102170
      92.8655      0.0201646      0.0897111
      92.8968      0.0767881       0.113110
      92.9280     0.00541568      0.0328901
      92.9593      0.0298963      0.0220705
      92.9905     -0.0607483     -0.0962551
      93.0218     -0.0838935      -0.122197
      93.0530     0.00939679    -0.00589395
      93.0843       0.574100      0.0302402
      93.1155       0.600872      0.0352653
      93.1468        4.05441      0.0249570
      93.1780        4.21985     -0.0336003
      93.2093      0.0327892     0.00295466
      93.2405      0.0815673    -0.00360370
      93.2718     0.00225049      0.0374931
      93.3030       0.198984       0.177273
      93.3343      -0.303165      -0.326607
      93.3655       0.140512       0.107534
      93.3968      -0.183260      -0.191337
      93.4280       0.196922       0.235364
      93.4593     0.00832915      0.0861213
      93.4905      0.0846277      0.0838765
      93.5218     -0.0627877      -0.131655
      93.5530      -0.182918      -0.215669
      93.5843     0.00377500      0.0310677
      93.6155      0.0636365      0.0758322
      93.6468       0.381195       0.414182
      93.6780      -0.405866      -0.418221
      93.7093     -0.0330302     -0.0404848
      93.7405      0.0882859      0.0210770
      93.7718      0.0324113     0.00479496
      93.8030     -0.0117704      0.0861096
      93.8343      -0.118039      -0.105112
      93.8655       0.288416       0.326532
      93.8968     -0.0625583     -0.0885943
      93.9280     -0.0888267      -0.173270
      93.9593      -0.191727      -0.197629
      93.9905     -0.0100518     -0.0483356
      94.0218       0.241766       0.368951
      94.0530       0.190061       0.194508
      94.0843      -0.243844      -0.254713
      94.1155     -0.0367790     -0.0573845
      94.1468      -0.197164      -0.231522
      94.1780       0.391338       0.405587
      94.2093     -0.0447921     -0.0287062
      94.2405      -0.179939      -0.203785
      94.2718     -0.0631990     -0.0719743
      94.3030      0.0776018      0.0351982
      94.3343       0.107909       0.176371
      94.3655     -0.0319955      0.0373031
      94.3968      0.0673421      0.0464989
      94.4280     -0.0638008      -0.118326
      94.4593     -0.0733895      -0.103420
      94.4905      -0.119848      -0.124282
      94.5218       0.189108       0.198513
      94.5530      0.0593550       0.146632
      94.5843     -0.0322423     -0.0789416
      94.6155     -0.0311471     -0.0307854
      94.6468     -0.0815194      -0.105280
      94.6780      -0.107177      -0.121403
      94.7093       0.387593       0.416005
      94.7405      -0.253251      -0.236520
      94.7718     -0.0233808     -0.0334288
      94.8030       0.107961      0.0676154
      94.8343      -0.125710      -0.128669
      94.8655     0.00822532      0.0477158
      94.8968       0.147507       0.106797
      94.9280     -0.0388700      0.0279931
      94.9593      -0.185532      -0.199189
      94.9905       0.271840       0.245762
      95.0218     -0.0627136     -0.0692319
      95.0530      -0.306456      -0.277720
      95.0843       0.389257       0.404661
      95.1155     -0.0886949      -0.131045
      95.1468       0.240111     -0.0279382
      95.1780       0.690609     -0.0597230
      95.2093     -0.0683304     -0.0665267
      95.2405       0.145076      0.0465697
      95.2718      0.0125073      0.0258265
      95.3030       0.241921       0.239849
      95.3343     -0.0930160      -0.133255
      95.3655      -0.315152      -0.316095
      95.3968       0.156481       0.192899
      95.4280       0.159831      0.0906783
      95.4593      0.0558963       0.156000
      95.4905      -0.213121      -0.188618
      95.5218     -0.0359869      -0.108958
      95.5530       0.342745       0.311212
      95.5843      -0.430502      -0.445780
      95.6155       0.103996       0.133368
      95.6468      0.0993111      0.0880901
      95.6780      -0.337802      0.0187448
      95.7093       0.322453      0.0350872
      95.7405      -0.225768     0.00704831
      95.7718       0.101349       0.147117
      95.8030      0.0890338      0.0303043
      95.8343      -0.260364      -0.359945
      95.8655     -0.0908694      -0.117336
      95.8968      -0.109459      -0.121260
      95.9280       0.376247       0.435182
      95.9593      0.0725412       0.166977
      95.9905      -0.214351      -0.159112
      96.0218       0.115662      0.0952588
      96.0530    -0.00802588     -0.0744615
      96.0843     -0.0490085     -0.0872983
      96.1155      -0.163857      -0.146580
      96.1468       0.168987       0.119511
      96.1780     -0.0755366     -0.0975406
      96.2093      0.0772859      0.0830871
      96.2405      -0.220392      -0.189227
      96.2718       0.171461       0.190068
      96.3030       0.155066       0.211033
      96.3343     -0.0581942     -0.0523703
      96.3655       0.423767     -0.0578239
      96.3968        1.92667     -0.0640440
      96.4280       0.556728      0.0189559
      96.4593      0.0464284     -0.0347202
      96.4905     -0.0757360     -0.0246832
      96.5218      0.0440762      0.0515325
      96.5530     -0.0159185     -0.0276600
      96.5843       0.252646       0.237631
      96.6155      -0.444597      -0.455560
      96.6468       0.157263       0.148946
      96.6780      -0.498832      0.0550797
      96.7093        4.22076      0.0654931
      96.7405        5.76070      0.0931995
      96.7718      -0.250467      0.0238159
      96.8030      0.0832697     -0.0422393
      96.8343      -0.534775      -0.528510
      96.8655      0.0766352       0.120480
      96.8968       0.359925       0.454200
      96.9280       0.400303       0.355962
      96.9593      -0.594870      -0.535140
      96.9905      -0.143056      -0.232848
      97.0218      0.0279310      0.0239209
      97.0530       0.617706       0.628415
      97.0843      -0.399065      -0.350601
      97.1155     -0.0526751     -0.0580838
      97.1468      -0.157316      -0.180387
      97.1780       0.311416       0.228860
      97.2093      0.0452771       0.147163
      97.2405      -0.294870      -0.303559
      97.2718      0.0893248      0.0301819
      97.3030       0.135325       0.116686
      97.3343      -0.197515      -0.155054
      97.3655      0.0407923      0.0670700
      97.3968       0.286892       0.253389
      97.4280      -0.322524      -0.249471
      97.4593      0.0904157       0.156881
      97.4905       0.235948       0.156853
      97.5218     -0.0815410     -0.0939626
      97.5530      -0.335472      -0.366429
      97.5843      0.0787535      0.0102239
      97.6155       0.201043       0.132002
      97.6468      -0.283082      -0.239352
      97.6780       0.187745       0.268534
      97.7093     -0.0756536     0.00152922
      97.7405       0.366498       0.357947
      97.7718      -0.159627      -0.127732
      97.8030      -0.168895      -0.227851
      97.8343      -0.165259      -0.167066
      97.8655       0.418574       0.369629
      97.8968      -0.163312      -0.126005
      97.9280        1.23693      -0.151006
      97.9593        12.5496     -0.0759699
      97.9905        8.90285     -0.0755153
      98.0218       -1.23326       0.189284
      98.0530       0.320529       0.321000
      98.0843      -0.217546      -0.171438
      98.1155       0.333705       0.337908
      98.1468      -0.668422      -0.618326
      98.1780       0.666697       0.490196
      98.2093      -0.330260      -0.332112
      98.2405      -0.122138      -0.217557
      98.2718      -0.331909      -0.228524
      98.3030       0.810866       0.754550
      98.3343      -0.382744      -0.223562
      98.3655       0.181316       0.156793
      98.2593      -0.226961      -0.261664
      98.2905      0.0278054     -0.0736572
      98.3218     -0.0944196    -0.00186229
      98.3530       0.282892       0.245963
      98.3843      -0.108047     -0.0755500
      98.4155     -0.0859479     -0.0727552
      98.4468      0.0153986      0.0368930
      98.4780       0.107468      0.0734617
      98.5093      0.0451690      0.0826994
      98.5405      -0.149982      -0.181487
      98.5718     -0.0353504      -0.117370
      98.6030      0.0217274      0.0444967
      98.6343     -0.0463548     -0.0199252
      98.6655       0.149589       0.215723
      98.6968       0.164710       0.218998
      98.7280      -0.240264      -0.287597
      98.7593      0.0698529     -0.0113518
      98.7905      -0.160290      -0.221932
      98.8218      -0.131476     -0.0832562
      98.8530       0.333909       0.386902
      98.8843       0.126944       0.107557
      98.9155      -0.236004      -0.225443
      98.9468      -0.221060      -0.184515
      98.9780       0.294277       0.220639
      99.0093      0.0745499       0.154520
      99.0405    -0.00669670     -0.0162911
      99.0718      -0.285662      -0.331041
      99.1030       0.198310       0.140380
      99.1343      -0.255516      -0.231140
      99.1655       0.350203       0.393681
      99.1968     -0.0627956     -0.0167925
      99.2280      -0.188303     -0.0599849
      99.2593       0.657544     0.00743055
      99.2905        1.47291      0.0146616
      99.3218       0.284327      0.0181679
      99.3530     -0.0750924      -0.126463
      99.3843      -0.190999      -0.232628
      99.4155      0.0310359      0.0582664
      99.4468       0.215431       0.310530
      99.4780      0.0939741       0.110328
      99.5093     -0.0209694     -0.0258367
      99.5405      -0.235194      -0.295510
      99.5718      -0.135312      -0.119727
      99.6030       0.375870       0.362434
      99.6343     -0.0131643     -0.0352142
      99.6655      -0.147788      -0.166990
      99.6968      -0.318156      -0.298378
      99.7280       0.346420       0.297387
      99.7593       0.103658       0.241047
      99.7905      0.0660870       0.115963
      99.8218      -0.214957      -0.219326
      99.8530       0.191836      0.0691411
      99.8843      -0.377945      -0.424976
      99.9155       0.142950       0.134095
      99.9468      0.0267711      0.0698395
      99.9780       0.128416       0.148014
      100.009      -0.396044       0.119997
      100.041        1.52567     0.00418162
      100.072        2.37539     -0.0975468
      100.103     -0.0319669      -0.182473
      100.134      -0.303699      -0.321180
      100.166       0.382880       0.391940
      100.197       0.247168       0.309216
      100.228      -0.391153      -0.379303
      100.259      0.0962427       0.167864
      100.291      0.0789440     -0.0268342
      100.322     -0.0478569     -0.0391957
      100.353      0.0905111       0.120765
      100.384      -0.314996      -0.369753
      100.416       0.293251       0.332366
      100.447     -0.0670733      -0.106718
      100.478      0.0205934      0.0128229
      100.509      -0.137385      -0.153445
      100.541     -0.0711687      -0.104447
      100.572       0.235697       0.367404
      100.603     -0.0217400      0.0156085
      100.634       0.251628       0.194527
      100.666      -0.343692      -0.343862
      100.697      -0.228567      -0.201564
      100.728       0.344005       0.279163
      100.759       0.306000       0.218979
      100.791      -0.608848      -0.508415
      100.822      -0.165056      -0.116345
      100.853       0.734026       0.649455
      100.884     -0.0385451     -0.0245312
      100.916      -0.525636      -0.493734
      100.947     -0.0595798     -0.0527389
      100.978       0.476264       0.483485
      101.009      0.0302773      0.0141633
      101.041     -0.0429564     -0.0208507
      101.072      -0.523173      -0.621737
      101.103      0.0409615     -0.0568388
      101.134       0.557507       0.711371
      101.166      -0.252913      -0.175946
      101.197       0.147424       0.232669
      101.228      0.0964417     -0.0363774
      101.259      -0.505874      -0.593908
      101.291       0.146645       0.214378
      101.322       0.118904      0.0926359
      101.353       0.245363       0.292977
      101.384      -0.248069      -0.190810
      101.416      0.0862379      -0.165822
      101.447        1.07556     -0.0420485
      101.478       0.335050     0.00328588
      101.509      0.0816793      0.0495605
      101.541      0.0763075       0.171770
      101.572      0.0654323      0.0643594
      101.603      0.0195541      0.0149789
      101.634     -0.0334201      -0.120475
      101.666      -0.369390      -0.405160
      101.697       0.272243       0.304690
      101.728      0.0118618      0.0199397
      101.759       0.209091       0.264616
      101.791      -0.236363      -0.139273
      101.822      0.0187535     -0.0568390
      101.853       0.195593       0.158480
      101.884      -0.177190      -0.263284
      101.916      -0.281337      -0.246524
      101.947       0.239061       0.210068
      101.978       0.117533       0.171720
      102.009      0.0375931      0.0524383
      102.041      -0.206991      -0.170296
      102.072       0.114849      0.0495622
      102.103      -0.154567      -0.170585
      102.134       0.287095       0.351835
      102.166      -0.250203      -0.182767
      102.197       0.258667       0.225911
      102.228    -0.00609064     0.00923800
      102.259      -0.254169      -0.348287
      102.291     -0.0243635     -0.0310349
      102.322       0.153961      0.0759830
      102.353      -0.159972      -0.129965
      102.384       0.105796       0.165421
      102.416      0.0209640      0.0296197
      102.447      0.0565838      0.0776256
      102.478      -0.172221      0.0346354
      102.509       0.853020     0.00596976
      102.541        2.20669     -0.0427958
      102.572       0.603356      -0.123902
      102.603      -0.193320      -0.204280
      102.634      0.0592495       0.156618
      102.666       0.386383       0.347163
      102.697      -0.136571      -0.110047
      102.728      -0.173355      -0.137151
      102.759      -0.222047      -0.250739
      102.791       0.611035       0.590012
      102.822      -0.257593      -0.249599
      102.853      -0.179571      -0.225028
      102.884     -0.0429609     -0.0537760
      102.916      0.0734766     -0.0238483
      102.947      0.0960264       0.207427
      102.978      0.0160348      0.0675712
      103.009     -0.0848699    -0.00716782
      103.041       0.258230       0.261886
      103.072     -0.0772853      -0.161475
      103.103      -0.172316      -0.216072
      103.134      -0.226597      -0.236126
      103.166       0.254191       0.194844
      103.197       0.146806       0.220965
      103.228      -0.145433      -0.111177
      103.259     -0.0823243     -0.0117691
      103.291       0.259342       0.194261
      103.322      -0.127944      -0.189648
      103.353     -0.0663331     -0.0539515
      103.384      -0.244547      -0.240666
      103.416       0.346419       0.358289
      103.447       0.141887       0.201739
      103.478      -0.190438      -0.194059
      103.509       0.236656      -0.138263
      103.541        1.03650     -0.0489345
      103.572       0.426349      0.0674651
      103.603       0.405598      0.0742204
      103.634      0.0784652      0.0869591
      103.666      -0.200549      -0.190938
      103.697      0.0948424      0.0814931
      103.728      0.0759969      0.0689018
      103.759     -0.0796015      -0.136304
      103.791     -0.0983808     -0.0502050
      103.822      0.0608401      0.0429001
      103.853      0.0357840      0.0900238
      103.884       0.221070       0.247793
      103.916      -0.251208      -0.259307
      103.947      0.0637317      0.0114219
      103.978      -0.139870      -0.138419
      104.009       0.146165       0.149242
      104.041     0.00887728      0.0600356
      104.072      0.0940961      0.0648797
      104.103      -0.199969      -0.204494
      104.134     0.00492716     -0.0397968
      104.166      0.0546430      0.0235250
      104.197       0.908599     0.00617349
      104.228       0.269145      0.0211548
      104.259       0.386583      0.0112245
      104.291      0.0630714       0.114561
      104.322      0.0888327      0.0646632
      104.353      -0.153281      -0.165952
      104.384      0.0268691      0.0112547
      104.416      -0.136563      -0.147286
      104.447       0.255941       0.264113
      104.478     -0.0971709     -0.0734426
      104.509     -0.0275446     -0.0568774
      104.541     -0.0430380     -0.0237654
      104.572      -0.183594     -0.0231707
      104.603       0.304924      0.0411241
      104.634      0.0837183      0.0658660
      104.666     -0.0642939     -0.0471103
      104.526       0.153858       0.153781
      104.558      -0.182759      -0.190725
      104.589     -0.0972583     -0.0729756
      104.620       0.723270     0.00965071
      104.651     -0.0964134       0.131601
      104.683       0.227128       0.203350
      104.714      -0.434974      -0.418438
      104.745       0.150206       0.212391
      104.776      0.0257388      0.0263300
      104.808       0.393983       0.380451
      104.839      -0.384298      -0.447433
      104.870      -0.303697      -0.363459
      104.901       0.158671       0.203410
      104.933       0.221723       0.194928
      104.964       0.254013       0.349285
      104.995      -0.472907      -0.472449
      105.026     -0.0377089     -0.0855885
      105.058       0.284847       0.273052
      105.089     -0.0267954     -0.0273091
      105.120       0.207793     -0.0196086
      105.151       0.342698     -0.0450910
      105.183       0.984910      0.0174869
      105.214       0.261009      0.0235987
      105.245     -0.0208397     -0.0265636
      105.276      -0.103876      -0.122180
      105.308      0.0603542      0.0646354
      105.339      0.0714617       0.101489
      105.370     -0.0351512     -0.0203598
      105.401      0.0559223      0.0608673
      105.433     -0.0640430     -0.0738693
      105.464     -0.0416275      -0.101841
      105.495      0.0216712      0.0501306
      105.526    -0.00112534     0.00568771
      105.558     -0.0133893    -0.00481796
      105.589       0.200152       0.237578
      105.620      -0.238376      -0.201419
      105.651       0.135468      0.0562868
      105.683      0.0240521      0.0126575
      105.714      -0.225182      -0.267629
      105.745     -0.0548007      0.0289954
      105.776       0.464935       0.423301
      105.808      -0.283537      -0.295820
      105.839     -0.0136795      0.0121727
      105.870      -0.198061      -0.206816
      105.901       0.320853       0.307299
      105.933      0.0487707      0.0954781
      105.964      -0.145874     -0.0520301
      105.995     -0.0105062     -0.0222166
      106.026       0.153399     0.00420761
      106.058     -0.0245972      -0.120713
      106.089      -0.689493      -0.619251
      106.120       0.497983       0.540327
      106.151       0.374680       0.417205
      106.183      0.0201430       0.112944
      106.214      -0.546311      -0.565678
      106.245       0.172455      0.0435736
      106.276      0.0613034      0.0287018
      106.308     -0.0960388     -0.0180907
      106.339       0.260091       0.329574
      106.370      -0.190246      -0.272832
      106.401      0.0784678       0.104084
      106.433      -0.202952      -0.289226
      106.464      0.0757363      0.0805154
      106.495      0.0878270       0.196396
      106.526     -0.0369565     -0.0444870
      106.558       0.327052       0.319238
      106.589      -0.456974      -0.456622
      106.620    -0.00836778     -0.0533588
      106.651       0.209624       0.217490
      106.683       0.111710       0.111313
      106.714      -0.308731      -0.186212
      106.745       0.301905       0.226494
      106.776      -0.106749      -0.224333
      106.808      -0.184970      -0.209585
      106.839      -0.177389      -0.137573
      106.870       0.322797       0.308793
      106.901       0.183853       0.325977
      106.933      -0.113744     -0.0971770
      106.964     -0.0955279     -0.0730745
      106.995      0.0860823     0.00644994
      107.026      -0.148177      -0.161047
      107.058       0.197723       0.197627
      107.089      -0.222238      -0.264688
      107.120      0.0982902      0.0812751
      107.151     -0.0993028     -0.0784917
      107.183      0.0937362      0.0693685
      107.214      0.0370780      0.0823008
      107.245     -0.0541687     -0.0492376
      107.276    -0.00170553      0.0689278
      107.308       0.126805       0.103958
      107.339      0.0182296      0.0460957
      107.370      -0.102234      -0.155692
      107.401      -0.125108      -0.250960
      107.433      0.0330998      0.0581867
      107.464      -0.161108      -0.118387
      107.495       0.365412       0.426438
      107.526       0.171749       0.277613
      107.558      -0.372662      -0.461378
      107.589      0.0758921      0.0426972
      107.620     -0.0551168      -0.153972
      107.651      -0.228467      -0.202769
      107.683       0.475121       0.573611
      107.714      -0.149723      -0.227851
      107.745     -0.0619955      0.0369395
      107.776     -0.0552293     -0.0333612
      107.808       0.104208    -0.00258720
      107.839       0.207554       0.278781
      107.870      -0.448351      -0.462762
      107.901       0.173909       0.205699
      107.933       0.234087       0.175697
      107.964      -0.193757      -0.231953
      107.995      -0.114883     -0.0819999
      108.026     -0.0871123      -0.172655
      108.058       0.265931       0.302397
      108.089     -0.0654371     -0.0378788
      108.120     -0.0260255   -0.000419378
      108.151     0.00911260      0.0833404
      108.183      0.0102687     -0.0107784
      108.214       0.245377       0.237777
      108.245      -0.245060      -0.323200
      108.276      -0.262108      -0.277764
      108.308       0.170710       0.237935
      108.339       0.247424       0.274291
      108.370       0.122100       0.145271
      108.401      -0.289454      -0.282461
      108.433      -0.205922      -0.283440
      108.464       0.198290       0.162981
      108.495       0.204420       0.160968
      108.526      -0.341814      -0.313340
      108.558      0.0154157     0.00579739
      108.589      0.0451951       0.110224
      108.620       0.277805       0.365140
      108.651     0.00640702      0.0148907
      108.683     -0.0405018      -0.129565
      108.714      -0.452504      -0.508275
      108.745       0.105589      0.0740898
      108.776       0.345387       0.394420
      108.808     -0.0362494      0.0177255
      108.839      -0.402831     -0.0224581
      108.870        1.15294     -0.0344627
      108.901       0.306515     -0.0124874
      108.933      -0.421694     -0.0611231
      108.964      -0.176157      -0.194029
      108.995     0.00351620      0.0102768
      109.026       0.237259       0.264744
      109.058     -0.0206025      0.0152445
      109.089     -0.0743413     -0.0529857
      109.120      -0.289830     -0.0416720
      109.151        1.52915     -0.0343919
      109.183       0.307668     -0.0252657
      109.214      -0.456765      0.0242102
      109.245      0.0417974   -0.000360489
      109.276       0.174659       0.204970
      109.308      -0.117147     -0.0980158
      109.339      -0.226325      -0.279140
      109.370       0.363429       0.359357
      109.401      -0.275563      -0.280674
      109.433      0.0471995      0.0699744
      109.464       0.184520       0.164602
      109.495      -0.211692      -0.229583
      109.526    -0.00277448      0.0882308
      109.558       0.178059       0.157562
      109.589      0.0787046      0.0680790
      109.620      -0.227590      -0.207519
      109.651    -0.00634456     -0.0583290
      109.683      -0.206908      0.0167356
      109.714       0.902791      0.0443403
      109.745        13.0970      0.0229812
      109.776        17.7992    -0.00955093
      109.808        4.79499  -2.38419e-006
      109.839     -0.0542147      0.0146681
      109.870        1.85248      0.0704818
      109.901        2.81612     -0.0965973
      109.933      -0.890016      -0.141795
      109.964      -0.187881      -0.109373
      109.995      0.0547099       0.137343
      110.026       0.879295       0.925534
      110.058      -0.605200      -0.613685
      110.089        1.19052      -0.328209
      110.120       -1.13488     -0.0944946
      110.151        26.2017      0.0798191
      110.183        62.9095       0.124072
      110.214        39.2147     -0.0564592
      110.245       0.402151     -0.0412388
      110.276       0.297519      0.0358584
      110.308       0.149730       0.140341
      110.339       0.419348       0.112176
      110.370       0.713616      0.0229602
      110.401       0.343877     -0.0608666
      110.433     -0.0250814     -0.0301447
      110.464      -0.597859      -0.636801
      110.495       0.641700       0.670527
      110.526      0.0949719       0.145154
      110.558      -0.334109      -0.289097
      110.589       0.213939       0.241325
      110.620      -0.133181      -0.290261
      110.651       0.979075     -0.0477858
      110.683       0.708052    -0.00171757
      110.714        1.32445      0.0188812
      110.745       0.451555       0.121341
      110.776       0.113575      0.0767336
      110.808      -0.160704      -0.164945
      110.839      0.0134928      0.0228826
      110.870     -0.0710071     -0.0595009
      110.901       0.288087       0.300218
      110.933      -0.139467      -0.115629
