 frec (GHz), ta[mK],cont_sinlineas
      71.7195       0.000000       0.000000
      71.7508       0.000000       0.000000
      71.7820       0.000000       0.000000
      71.8133       0.000000       0.000000
      71.8445       0.000000       0.000000
      71.8758       0.000000       0.000000
      71.9070       0.000000       0.000000
      71.9383       0.000000       0.000000
      71.9695       0.000000       0.000000
      72.0008       0.000000       0.000000
      72.0320       0.000000       0.000000
      72.0633       0.000000       0.000000
      72.0945       0.000000       0.000000
      72.1258       0.000000       0.000000
      72.1570       0.000000       0.000000
      72.1883       0.000000       0.000000
      72.2195       0.000000       0.000000
      72.2508       0.000000       0.000000
      72.2820       0.000000       0.000000
      72.3133       0.000000       0.000000
      72.3445       0.000000       0.000000
      72.3758       0.000000       0.000000
      72.4070       0.000000       0.000000
      72.4383       0.000000       0.000000
      72.4695       0.000000       0.000000
      72.5008       0.000000       0.000000
      72.5320       0.000000       0.000000
      72.5633       0.000000       0.000000
      72.5945       0.000000       0.000000
      72.6258       0.000000       0.000000
      72.6570       0.000000       0.000000
      72.6883       0.000000       0.000000
      72.7195       0.000000       0.000000
      72.7508       0.000000       0.000000
      72.7820       0.000000       0.000000
      72.8133       0.000000       0.000000
      72.8445       0.000000       0.000000
      72.8758       0.000000       0.000000
      72.9070     -0.0684566     -0.0684566
      72.9383     0.00930253     0.00930253
      72.9695      0.0800815      0.0800815
      73.0008       0.240041       0.240041
      73.0320      -0.307966      -0.307966
      73.0633       0.154254       0.154254
      73.0945      -0.180074      -0.180074
      73.1258     -0.0203298     -0.0203298
      73.1570      0.0955247      0.0955247
      73.1883      -0.160812      -0.160812
      73.2195      -0.102358      -0.102358
      73.2508       0.494330       0.494330
      73.2820     -0.0568604     -0.0568604
      73.3133       0.137141       0.137141
      73.3445      -0.679165      -0.679165
      73.3758       0.261623       0.261623
      73.4070      -0.582720       0.134335
      73.4383       0.960827       0.128320
      73.4695       0.704461      -0.194690
      73.5008       0.495971     -0.0683245
      73.5320      -0.161253      -0.161253
      73.5633       0.837449       0.837449
      73.5945      -0.687631      -0.687631
      73.6258       0.207590       0.207590
      73.6570      -0.687439      -0.687439
      73.6883       0.660901       0.660901
      73.7195       0.120314       0.120314
      73.7508      -0.330707      -0.330707
      73.7820       0.908530       0.908530
      73.8133      -0.697579      -0.697579
      73.8445      -0.690754      -0.690754
      73.8758       0.782479       0.782479
      73.9070     -0.0825864     -0.0825864
      73.9383      -0.492745      -0.492745
      73.9695       0.365145       0.365145
      74.0008      -0.851266       0.213468
      74.0320       -1.17214      -0.217977
      74.0633       0.112038       0.112038
      74.0945       0.279332       0.279332
      74.1258       0.167642       0.167642
      74.1570       -1.58109       -1.58109
      74.1883        1.01220        1.01220
      74.2195       0.698452       0.698452
      74.2508      -0.640076      -0.640076
      74.2820      0.0113754      0.0113754
      74.3133      -0.420835      -0.420835
      74.3445       0.913770       0.913770
      74.3758      -0.562847      -0.562847
      74.4070     -0.0513610     -0.0513610
      74.4383      -0.456310      -0.456310
      74.4695       0.583535       0.583535
      74.5008       0.467893       0.467893
      74.5320       0.208534       0.208534
      74.5633       -1.01976       -1.01976
      74.5945      0.0894542      0.0894542
      74.6258      0.0939837      0.0939837
      74.6570       0.243028       0.243028
      74.6883      -0.113945      -0.113945
      74.7195      -0.635759      -0.635759
      74.7508        1.38138        1.38138
      74.7820      -0.300843      -0.300843
      74.8133      -0.347384      -0.347384
      74.8445       -1.19967       -1.19967
      74.8758        1.48689        1.48689
      74.9070      -0.335691      -0.335691
      74.9383     -0.0556400     -0.0556400
      74.9695       0.361044       0.361044
      75.0008     -0.0194970     -0.0194970
      75.0320      -0.818305      -0.818305
      75.0633       0.487790       0.487790
      75.0945      0.0358139      0.0358139
      75.1258      -0.108567      -0.108567
      75.1570       0.146690       0.146690
      75.1883       0.102518       0.102518
      75.2195       0.176543       0.176543
      75.2508       -1.20419       -1.20419
      75.2820        1.00916        1.00916
      75.3133       0.343929       0.343929
      75.3445      -0.332747      -0.332747
      75.3758     0.00357607     0.00357607
      75.4070      -0.944494      -0.944494
      75.4383       0.732618       0.732618
      75.4695       0.938109       0.938109
      75.5008       -1.30118       -1.30118
      75.5320      -0.271081      -0.271081
      75.5633       0.859771       0.859771
      75.5945       0.171827       0.171827
      75.6258       0.193012       0.193012
      75.6570      -0.547933      -0.547933
      75.6883      -0.331462      -0.331462
      75.7195       0.430995       0.430995
      75.7508      -0.225471      -0.225471
      75.7820       0.319225       0.319225
      75.8133      -0.825651      -0.825651
      75.8445       0.567748       0.567748
      75.8758       0.244454       0.244454
      75.9070        1.05870        1.05870
      75.9383       -1.51154       -1.51154
      75.9695      -0.789006      -0.789006
      76.0008        1.13797        1.13797
      76.0320       0.377454       0.377454
      76.0633      -0.348529      -0.348529
      76.0945      -0.112537      -0.112537
      76.1258      -0.127903      -0.127903
      76.1570      -0.297345      -0.297345
      76.1883        1.10338        1.10338
      76.2195      -0.226628      -0.226628
      76.2508      -0.882037      -0.882037
      76.2820    -0.00350535    -0.00350535
      76.3133       0.624049       0.624049
      76.3445     0.00536919     0.00536919
      76.3758      -0.138749      -0.138749
      76.4070      0.0550453      0.0550453
      76.4383      0.0488898      0.0488898
      76.4695      -0.212736      -0.212736
      76.5008      -0.397805      -0.397805
      76.5320       0.388696       0.388696
      76.5633       0.494015       0.494015
      76.5945      -0.179764      -0.179764
      76.6258      -0.268268      -0.268268
      76.6570      -0.226686      -0.226686
      76.6883       0.235800       0.235800
      76.7195      -0.492513      -0.492513
      76.7508       0.961632       0.961632
      76.7820       0.122180       0.122180
      76.8133      -0.369527      -0.369527
      76.8445      -0.861159      -0.861159
      76.8758      0.0414824      0.0414824
      76.9070        1.46673        1.46673
      76.9383      -0.484409      -0.484409
      76.9695       -1.12885       -1.12885
      77.0008       0.590472       0.590472
      77.0320       0.516227       0.516227
      77.0633      -0.229884      -0.229884
      77.0945      0.0572861      0.0572861
      77.1258      0.0171594      0.0171594
      77.1570      -0.683502      -0.683502
      77.1883       0.468854       0.468854
      77.2195       0.203629       0.203629
      77.2508      0.0109969      0.0109969
      77.2820      -0.360608      -0.360608
      77.3133     -0.0742486     -0.0742486
      77.3445       0.898563       0.898563
      77.3758       -1.29424       -1.29424
      77.4070        1.13645        1.13645
      77.4383      -0.701033      -0.701033
      77.4695       0.408058       0.408058
      77.5008      -0.309041      -0.309041
      77.5320       0.305366       0.305366
      77.5633      -0.743072      -0.743072
      77.5945       0.782403       0.782403
      77.6258      0.0103311      0.0103311
      77.6570      -0.355347      -0.355347
      77.6883       0.179267       0.179267
      77.7195      -0.240131      -0.240131
      77.7508      -0.112882      -0.112882
      77.7820       0.441465       0.441465
      77.8133       0.233567       0.233567
      77.8445      -0.479510      -0.479510
      77.8758      0.0411044      0.0411044
      77.9070       0.380067       0.380067
      77.9383      -0.970732      -0.970732
      77.9695       0.677451       0.677451
      78.0008       0.231742       0.231742
      78.0320      -0.244739      -0.244739
      78.0633       0.325712       0.325712
      78.0945      -0.549243      -0.549243
      78.1258      -0.124090      -0.124090
      78.1570       0.233225       0.233225
      78.1883       0.252203       0.252203
      78.2195      -0.474960     -0.0579552
      78.2508       0.938301      -0.136773
      78.2820       0.481661     -0.0604634
      78.3133      0.0625863       0.223180
      78.3445       0.408671       0.408671
      78.3758      -0.274527      -0.274527
      78.4070      -0.601630      -0.601630
      78.4383       0.187564       0.187564
      78.4695      -0.107595      -0.107595
      78.5008      -0.500480      -0.500480
      78.5320       0.744125       0.744125
      78.5633       0.738563       0.738563
      78.5945      -0.415027      -0.415027
      78.6258      -0.597490      -0.597490
      78.6570       0.499402       0.499402
      78.6883     -0.0374689     -0.0374689
      78.7195      -0.178905      -0.178905
      78.7508      -0.523441      -0.523441
      78.7820       0.356178       0.356178
      78.8133       0.695924       0.695924
      78.8445      -0.508527      -0.508527
      78.8758      -0.293273      -0.293273
      78.9070     -0.0576827     -0.0576827
      78.9383        1.07728        1.07728
      78.9695      -0.360775      -0.360775
      79.0008       -1.03141       -1.03141
      79.0320       0.669163       0.669163
      79.0633      -0.132986      -0.132986
      79.0945       0.218669       0.218669
      79.1258      -0.169870      -0.169870
      79.1570       0.116875       0.116875
      79.1883       0.247465       0.247465
      79.2195      -0.392675      -0.392675
      79.2508      -0.103055      -0.103055
      79.2820      0.0237378      0.0237378
      79.3133       0.116174       0.116174
      79.3445       0.334838       0.334838
      79.3758      -0.136059      -0.136059
      79.4070       0.240569       0.240569
      79.4383      -0.714312      -0.714312
      79.4695       0.267599       0.267599
      79.5008      -0.174198      -0.174198
      79.5320       0.246005       0.246005
      79.5633     -0.0521767     -0.0521767
      79.5945       0.344007       0.344007
      79.6258     -0.0569515     -0.0569515
      79.6570      -0.333040      -0.333040
      79.6883      -0.232480      -0.232480
      79.7195       0.244027       0.244027
      79.7508       0.172937       0.172937
      79.7820     -0.0678226     -0.0678226
      79.8133       0.137398       0.137398
      79.8445     -0.0388231     -0.0388231
      79.8758     -0.0665269     -0.0665269
      79.9070      -0.231265      -0.231265
      79.9383     -0.0757426     -0.0757426
      79.9695       0.299220       0.299220
      80.0008       0.214781       0.214781
      80.0320      -0.301787      -0.301787
      80.0633      -0.183925      -0.183925
      80.0945       0.342819       0.342819
      80.1258       0.133129       0.133129
      80.1570      -0.454631      -0.454631
      80.1883      0.0773912      0.0773912
      80.2195       0.330183       0.330183
      80.2508      -0.276003      -0.276003
      80.2820     0.00864929     0.00864929
      80.3133       0.154007       0.154007
      80.3445     -0.0505040     -0.0505040
      80.3758      -0.233471      -0.233471
      80.4070       0.108616       0.108616
      80.4383       0.373539       0.373539
      80.4695      -0.171880      -0.171880
      80.5008      -0.249349      -0.249349
      80.5320     -0.0916804     -0.0916804
      80.5633       0.271702       0.271702
      80.5945       0.174416       0.174416
      80.6258      -0.225627      -0.225627
      80.6570      -0.208119      -0.208119
      80.6883       0.214152       0.214152
      80.7195       0.364483       0.364483
      80.7508      -0.374968      -0.374968
      80.7820      -0.333482      -0.333482
      80.8133       0.274611       0.274611
      80.8445       0.201644       0.201644
      80.8758     -0.0525284     -0.0525284
      80.9070      -0.199731      -0.199731
      80.9383       0.175772       0.175772
      80.9695       0.103944       0.103944
      81.0008      -0.272195      -0.272195
      81.0320      0.0233068      0.0233068
      81.0633       0.151850       0.151850
      81.0945      -0.116772      -0.116772
      81.1258      0.0422923      0.0422923
      81.1570       0.103369       0.103369
      81.1883     -0.0485418     -0.0485418
      81.2195      -0.116174      -0.116174
      81.2508      0.0175256      0.0175256
      81.2820      0.0324895      0.0324895
      81.3133      0.0807050      0.0807050
      81.3445      0.0386019      0.0386019
      81.3758      -0.222001      -0.222001
      81.4070      0.0367064      0.0367064
      81.4383       0.235468       0.235468
      81.4695     -0.0630689     -0.0630689
      81.5008      -0.171397      -0.171397
      81.5320      0.0159729      0.0159729
      81.5633     -0.0172585     -0.0172585
      81.5945       0.219721       0.219721
      81.6258     -0.0400248     -0.0400248
      81.6570      -0.113157      -0.113157
      81.6883       0.134153     -0.0329536
      81.7195     0.00203258     0.00117737
      81.7508       0.204780    -0.00857329
      81.7820       0.253639      0.0352250
      81.8133       0.147380       0.147380
      81.8445     -0.0838939     -0.0838939
      81.8758     -0.0228495     -0.0228495
      81.9070      0.0461070      0.0461070
      81.9383    -0.00797558    -0.00797558
      81.9695      -0.120088      -0.120088
      82.0008      -0.139043      -0.139043
      82.0320       0.199701       0.199701
      82.0633       0.119441       0.119441
      82.0945     0.00252891     0.00252891
      82.1258      -0.139205      -0.139205
      82.1570     -0.0840822     -0.0840822
      82.1883      0.0518655      0.0518655
      82.2195      0.0642132      0.0642132
      82.2508     0.00704110     0.00704110
      82.2820      0.0562209      0.0562209
      82.3133      0.0298459      0.0298459
      82.3445      -0.180055      -0.180055
      82.3758       0.151128       0.151128
      82.4070      -0.152973      -0.152973
      82.4383     -0.0128877     -0.0128877
      82.4695       0.123063       0.123063
      82.5008      -0.103905      -0.103905
      82.5320      0.0530548      0.0530548
      82.5633       0.249446       0.249446
      82.5945      -0.231316      -0.231316
      82.6258      -0.195625      -0.195625
      82.6570       0.269419       0.269419
      82.6883       0.105628       0.105628
      82.7195      -0.199650      -0.199650
      82.7508     -0.0890459     -0.0890459
      82.7820      0.0746376      0.0746376
      82.8133      0.0892659      0.0892659
      82.8445      0.0289071      0.0289071
      82.8758     -0.0757179     -0.0757179
      82.9070      -0.104565      -0.104565
      82.9383     -0.0353065     -0.0353065
      82.9695       0.162580       0.162580
      83.0008       0.289721       0.289721
      83.0320      -0.305095      -0.305095
      83.0633      -0.508250      -0.508250
      83.0945       0.473981       0.473981
      83.1258       0.451731       0.451731
      83.1570      -0.295526      -0.295526
      83.1883      -0.322320      -0.322320
      83.2195      0.0681181      0.0681181
      83.2508       0.196564       0.196564
      83.2820     -0.0372573     -0.0372573
      83.3133      -0.153626      -0.153626
      83.3445      0.0943577      0.0943577
      83.3758      0.0993813      0.0993813
      83.4070     -0.0163626     -0.0163626
      83.4383      -0.202473      -0.202473
      83.4695     -0.0962932     -0.0962932
      83.5008       0.316360       0.316360
      83.5320       0.367215       0.367215
      83.5633      -0.170000      -0.170000
      83.5945      -0.608765      -0.608765
      83.6258     -0.0754433     -0.0754433
      83.6570       0.523373       0.523373
      83.6883       0.117850       0.117850
      83.7195      -0.175757      -0.175757
      83.7508      -0.145288      -0.145288
      83.7820    -0.00858495    -0.00858495
      83.8133      0.0775419      0.0775419
      83.8445     -0.0401399     -0.0401399
      83.8758      0.0956877      0.0956877
      83.9070     0.00623071     0.00623071
      83.9383       0.326343     -0.0184997
      83.9695       0.791570      0.0254840
      84.0008       0.787438      0.0482071
      84.0320       0.367683     -0.0690733
      84.0633      -0.239211      -0.239211
      84.0945       0.120952       0.120952
      84.1258       0.192300       0.192300
      84.1570     -0.0575061     -0.0575061
      84.1883      -0.101491      -0.101491
      84.2195      0.0358817      0.0358817
      84.2508     -0.0599279     -0.0599279
      84.2820       0.115376       0.115376
      84.3133     -0.0572078      0.0161966
      84.3445      0.0699060     -0.0198525
      84.3758       0.407670     -0.0325245
      84.4070      0.0348436   -0.000719916
      84.4383       0.213029      0.0623926
      84.4695       0.690288      0.0495759
      84.5008     -0.0959649     -0.0959649
      84.5320      -0.296669      -0.296669
      84.5633       0.170244       0.170244
      84.5945       0.263293       0.263293
      84.6258     -0.0744285     -0.0744285
      84.6570     -0.0975501     -0.0975501
      84.6883     -0.0189463     -0.0189463
      84.7195      0.0840019      0.0840019
      84.7508     -0.0368416     -0.0368416
      84.7820     -0.0580828     -0.0580828
      84.8133       0.135552       0.135552
      84.8445     -0.0315484     -0.0315484
      84.8758     -0.0359696     -0.0359696
      84.9070      -0.165714      -0.165714
      84.9383   -0.000875771   -0.000875771
      84.9695       0.332015       0.332015
      85.0008     -0.0273877     -0.0273877
      85.0320      -0.380646      -0.380646
      85.0633      0.0463319      0.0463319
      85.0945       0.417952       0.417952
      85.1258      -0.156509      -0.156509
      85.1570      0.0676849      -0.135864
      85.1883        1.10387     -0.0251017
      85.2195       0.955081      0.0603535
      85.2508      0.0514400      0.0514400
      85.2820    -0.00953213    -0.00953213
      85.3133     -0.0216091     -0.0216091
      85.3445      0.0596957      0.0596957
      85.3758      0.0170865      0.0170865
      85.4070      -0.222441      -0.222441
      85.4383     -0.0752272     -0.0752272
      85.4695       0.287053       0.287053
      85.5008       0.118519       0.118519
      85.5320      -0.178150      -0.178150
      85.5633      -0.143431      -0.143431
      85.5945       0.114785       0.114785
      85.6258       0.151728       0.151728
      85.6570     -0.0906786     -0.0906786
      85.6883      -0.103760      -0.103760
      85.7195      0.0768469      0.0768469
      85.7508     -0.0196641     -0.0196641
      85.7820       0.516461     -0.0113700
      85.8133       0.271515     -0.0301553
      85.8445       0.242364    -0.00930452
      85.8758       0.440143      0.0969166
      85.9070       0.132805       0.132805
      85.9383      -0.147941      -0.147941
      85.9695      -0.293715      -0.293715
      86.0008       0.325364       0.325364
      86.0320     -0.0398215     -0.0398215
      86.0633      0.0768393      0.0768393
      86.0945      -0.114471      -0.114471
      86.1258       0.418643   -0.000280291
      86.1570       0.365322    -0.00262117
      86.1883       0.661840     -0.0210772
      86.2195       0.692040     -0.0519053
      86.2508      -0.221625      0.0737617
      86.2820       0.247841       0.247841
      86.3133     -0.0288259     -0.0288259
      86.3445      -0.307842      -0.307842
      86.3758     -0.0407836     -0.0407836
      86.4070      0.0130929      0.0130929
      86.4383       0.170115       0.170115
      86.4695      0.0714832      0.0714832
      86.5008     -0.0734763     -0.0734763
      86.5320       0.482889     -0.0476414
      86.5633       0.207384     0.00396138
      86.5945      0.0786587      0.0134950
      86.6258       0.356678   1.54972e-006
      86.6570       0.655175  -1.52737e-006
      86.6883       0.738263   1.73599e-006
      86.7195     -0.0468726  -3.27826e-006
      86.7508      0.0746780     -0.0356231
      86.7820       0.125878    -0.00804752
      86.8133      -0.426961      0.0674808
      86.8445       0.118903       0.118903
      86.8758      -0.191465      -0.191465
      86.9070    -0.00840104    -0.00840104
      86.9383       0.178789       0.178789
      86.9695      -0.113402      -0.113402
      87.0008      -0.229582      -0.229582
      87.0320       0.204643       0.204643
      87.0633       0.238359      0.0919438
      87.0945      0.0744163     -0.0235971
      87.1258       0.723102     -0.0516368
      87.1570        3.07549  -5.02169e-006
      87.1883        2.22384   4.36604e-006
      87.2195        1.33619  -4.41074e-006
      87.2508        1.24234   2.74181e-006
      87.2820        1.08089      0.0178779
      87.3133       0.569513      0.0152927
      87.3445     -0.0179705     -0.0247813
      87.3758     -0.0747331     -0.0747331
      87.4070      0.0451211      0.0451211
      87.4383      0.0701639      0.0701639
      87.4695     -0.0704513     -0.0704513
      87.5008     -0.0553267     -0.0553267
      87.5320      0.0496032      0.0496032
      87.5633       0.277427       0.277427
      87.5945     -0.0616748     -0.0616748
      87.6258      -0.515604      -0.515604
      87.6570       0.137126       0.137126
      87.6883       0.246143       0.246143
      87.7195       0.291975      0.0468712
      87.7508       0.325626     -0.0419064
      87.7820        1.27839     -0.0270021
      87.8133       0.439460     -0.0807297
      87.8445      -0.143792      -0.143792
      87.8758       0.243660       0.243660
      87.9070      0.0844880      0.0844880
      87.9383     -0.0779659     -0.0779659
      87.9695      -0.101752      -0.101752
      88.0008      0.0918691     0.00850910
      88.0320     -0.0974445      0.0234487
      88.0633       0.455280     0.00998530
      88.0945       0.233006  -5.96046e-008
      88.1258      0.0650557     0.00650075
      88.1570       0.356813     -0.0517049
      88.1883       0.679963     0.00595874
      88.2195      0.0810877      0.0810877
      88.2508       0.198955       0.198955
      88.2820      -0.373120      -0.373120
      88.3133    -0.00420675    -0.00420675
      88.3445       0.128296       0.128296
      88.3758       0.512876      0.0647505
      88.4070       0.953821     -0.0406422
      88.4383        2.73016     -0.0158746
      88.4695        7.82265  -3.87430e-007
      88.5008        5.54012      0.0877590
      88.5320        2.10134     -0.0465689
      88.5633       0.825977      -0.137148
      88.5945      -0.255100      -0.255100
      88.6258       0.637500       0.637500
      88.6570      -0.234097      -0.234097
      88.6883     0.00851949     0.00851949
      88.7195      -0.152210      -0.152210
      88.7508      0.0845976      0.0845976
      88.7820    -0.00776073    -0.00776073
      88.8133      0.0784983      0.0784983
      88.8445     -0.0783518     -0.0783518
      88.8758       0.183946       0.183946
      88.9070      -0.389427      -0.389427
      88.9383       0.167299       0.167299
      88.9695       0.704362      0.0797573
      89.0008        3.22970      0.0297552
      89.0320        6.22082     -0.0569690
      89.0633        2.93776  -5.96046e-007
      89.0945        1.48181   5.21541e-007
      89.1258     -0.0876191  -5.66244e-007
      89.1570     -0.0754487   5.21541e-007
      89.1883     -0.0410734  -5.66244e-007
      89.2195      0.0110151   5.21541e-007
      89.2508       0.313996  -5.81145e-007
      89.2820       0.214620   5.21541e-007
      89.3133     -0.0669320  -5.81145e-007
      89.3445     -0.0688513   5.06639e-007
      89.3758       0.118183  -5.66244e-007
      89.4070       0.678960   3.87430e-007
      89.4383      0.0899825      0.0117553
      89.4695     -0.0739415     -0.0213799
      89.5008      -0.143530    -0.00433636
      89.5320    -0.00317585    -0.00317585
      89.5633       0.153479       0.153479
      89.5945      -0.198357      -0.198357
      89.6258     -0.0277991     -0.0277991
      89.6570     -0.0607163     -0.0607163
      89.6883       0.327952       0.327952
      89.7195      -0.111715      -0.111715
      89.7508      -0.130020      -0.130020
      89.7820      0.0555724      0.0555724
      89.8133       0.136336       0.136336
      89.8445      -0.190022      -0.190022
      89.8758       0.180232       0.180232
      89.9070     -0.0796035     -0.0796035
      89.9383      -0.303676      -0.303676
      89.9695      0.0708039      0.0708039
      90.0008       0.303844       0.303844
      90.0320       0.106440       0.106440
      90.0633      -0.114809      -0.114809
      90.0945      -0.372689      -0.372689
      90.1258       0.248811       0.248811
      90.1570       0.194279       0.194279
      90.1883     -0.0824805     -0.0824805
      90.2195      -0.242992      -0.242992
      90.2508       0.169451       0.169451
      90.2820     -0.0262459     -0.0262459
      90.3133      0.0516733      0.0516733
      90.3445     -0.0456784     -0.0456784
      90.3758       0.420626     0.00207393
      90.4070       0.732416    -0.00612698
      90.4383       0.607328     0.00911880
      90.4695        1.44598  -4.47035e-008
      90.5008        3.43411  -4.47035e-008
      90.5320        2.41450     -0.0196559
      90.5633       0.526390      0.0118206
      90.5945     -0.0547651      0.0248068
      90.6258      0.0486646      0.0486646
      90.6570      -0.138668      -0.138668
      90.6883      0.0914532      0.0914532
      90.7195     -0.0112669     -0.0112669
      90.7508       0.233546    -0.00362596
      90.7820     -0.0959029     -0.0147201
      90.8133       0.592556      0.0209275
      90.8445       0.905472     -0.0263757
      90.8758       0.513311     -0.0181549
      90.9070      0.0140050      0.0140050
      90.9383       0.159931       0.159931
      90.9695      -0.134568      -0.134568
      91.0008     -0.0551355     -0.0496320
      91.0320       0.190163     -0.0334196
      91.0633       0.477281      0.0132789
      91.0945      0.0613056      0.0619050
      91.1258       0.213980       0.213980
      91.1570      -0.134879      -0.134879
      91.1883      -0.151691      -0.151691
      91.2195      -0.108088      -0.108088
      91.2508       0.183691       0.183691
      91.2820       0.894151      0.0513256
      91.3133       0.335189     -0.0452913
      91.3445     -0.0735780     -0.0601727
      91.3758     -0.0117702      0.0687675
      91.4070       0.183360       0.183360
      91.4383     -0.0845102     -0.0845102
      91.4695      -0.358997      -0.358997
      91.5008     -0.0204878     -0.0204878
      91.5320       0.324198       0.324198
      91.5633       0.299552       0.299552
      91.5945      -0.311458      -0.311458
      91.6258      -0.112300      -0.112300
      91.6570      -0.116523      -0.116523
      91.6883       0.148635       0.148635
      91.7195      0.0899180      0.0899180
      91.7508     -0.0800382     -0.0800382
      91.7820       0.177742       0.177742
      91.8133     -0.0697714     -0.0697714
      91.8445      -0.169573      -0.169573
      91.8758      -0.185777      -0.185777
      91.9070       0.153196       0.153196
      91.9383       0.407777       0.407777
      91.9695     -0.0393217     -0.0393217
      92.0008      -0.320586      -0.320586
      92.0320      -0.212265      -0.212265
      92.0633       0.267033       0.267033
      92.0945       0.106594       0.106594
      92.1258     -0.0429843     -0.0429843
      92.1570      -0.199628     -0.0710139
      92.1883      0.0162335     0.00130815
      92.2195      0.0124107      0.0361875
      92.2508      -0.170439      0.0689055
      92.2820      0.0974950     -0.0900059
      92.3133       0.135006     -0.0131862
      92.3445       0.305397      0.0102369
      92.3758      0.0533016      0.0172843
      92.4070     -0.0501506     -0.0501506
      92.4383      0.0405206      0.0405206
      92.4695     -0.0786953     -0.0786953
      92.5008       0.103744       0.103744
      92.5320       0.334736      0.0184309
      92.5633      0.0310725     -0.0287442
      92.5945      -0.128056     -0.0677183
      92.6258       0.173458      0.0559437
      92.6570       0.150717       0.150717
      92.6883      0.0520269      0.0520269
      92.7195      -0.324825      -0.324825
      92.7508     0.00375503     0.00375503
      92.7820     -0.0218891     -0.0218891
      92.8133      0.0668579      0.0668579
      92.8445       0.155896       0.155896
      92.8758     -0.0120593     -0.0120593
      92.9070       0.233478     -0.0524192
      92.9383       0.216663     -0.0266756
      92.9695       0.202369     0.00780213
      93.0008       0.972702   1.20956e-006
      93.0320        1.27409      0.0123856
      93.0633       0.631725     -0.0233937
      93.0945     -0.0113479     -0.0214152
      93.1258     0.00643659     0.00643659
      93.1570       0.167829       0.167829
      93.1883      -0.125666      -0.125666
      93.2195     -0.0678039     -0.0678039
      93.2508     -0.0269171     -0.0269171
      93.2820  -6.42240e-005  -6.42240e-005
      93.3133      0.0865874      0.0865874
      93.3445       0.211991       0.211991
      93.3758      -0.201797      -0.201797
      93.4070      -0.264134      -0.264134
      93.4383       0.281376       0.281376
      93.4695      0.0854742      0.0854742
      93.5008      -0.179169      -0.179169
      93.5320     -0.0351887     -0.0351887
      93.5633       0.220479       0.220479
      93.5945      0.0449809      0.0449809
      93.6258      -0.329892      -0.329892
      93.6570     0.00741846     0.00741846
      93.6883       0.214417       0.214417
      93.7195    -0.00984648    -0.00984648
      93.7508      -0.125486      -0.125486
      93.7820     -0.0186535     -0.0186535
      93.8133       0.215487       0.215487
      93.8445       0.154272       0.154272
      93.8758      -0.271754      -0.271754
      93.9070      -0.253777      -0.253777
      93.9383      0.0743679      0.0743679
      93.9695      0.0886666      0.0886666
      94.0008       0.268529       0.268529
      94.0320     -0.0767580     -0.0767580
      94.0633    -0.00623128    -0.00623128
      94.0945      -0.161200      -0.161200
      94.1258      0.0111525      0.0111525
      94.1570     -0.0853212     -0.0853212
      94.1883      0.0543635      0.0543635
      94.2195       0.209734       0.209734
      94.2508     -0.0108520     -0.0108520
      94.2820      -0.158624      -0.158624
      94.3133      -0.115235      -0.115235
      94.3445       0.228057       0.228057
      94.3758      0.0770689      0.0770689
      94.4070      -0.103134      -0.103134
      94.4383      -0.211620      -0.211620
      94.4695     -0.0456129     -0.0456129
      94.5008       0.136912       0.136912
      94.5320       0.338427       0.338427
      94.5633     -0.0939217     -0.0939217
      94.5945      -0.173230      -0.173230
      94.6258      -0.101253      -0.101253
      94.6570    -0.00953211    -0.00953211
      94.6883       0.160815       0.160815
      94.7195      -0.134173      -0.134173
      94.7508       0.110983       0.110983
      94.7820     -0.0328186     -0.0328186
      94.8133     -0.0585220     -0.0585220
      94.8445       0.155615       0.155615
      94.8758      0.0725285      0.0725285
      94.9070      -0.121561      -0.121561
      94.9383      -0.173025      -0.173025
      94.9695      0.0377054      0.0377054
      95.0008       0.120555       0.120555
      95.0320     -0.0438231     -0.0438231
      95.0633      0.0107760      0.0107760
      95.0945      0.0595386      0.0595386
      95.1258     -0.0684562     -0.0684562
      95.1570    -0.00143316    -0.00143316
      95.1883     -0.0163010     -0.0163010
      95.2195       0.139513       0.139513
      95.2508     -0.0846519     -0.0846519
      95.2820      -0.104807      -0.104807
      95.3133      0.0467197      0.0467197
      95.3445      0.0853058      0.0853058
      95.3758      0.0257858      0.0257858
      95.4070      -0.151856      -0.151856
      95.4383     0.00659596     0.00659596
      95.4695      0.0739017      0.0739017
      95.5008       0.126761       0.126761
      95.5320     -0.0646467     -0.0646467
      95.5633      -0.238200      -0.238200
      95.5945      0.0884104      0.0884104
      95.6258       0.181397       0.181397
      95.6570     -0.0178575     -0.0178575
      95.6883     -0.0640710     -0.0640710
      95.7195     -0.0975206     -0.0975206
      95.7508      0.0336506      0.0336506
      95.7820      0.0469028      0.0469028
      95.8133      0.0729156      0.0729156
      95.8445     -0.0860788     -0.0860788
      95.8758      0.0609979      0.0609979
      95.9070     -0.0481145     -0.0481145
      95.9383      0.0407832      0.0407832
      95.9695      -0.185292      -0.185292
      96.0008       0.103205       0.103205
      96.0320       0.197883       0.197883
      96.0633      -0.133988      -0.133988
      96.0945     -0.0447882     -0.0447882
      96.1258     -0.0853447     -0.0853447
      96.1570       0.119237       0.119237
      96.1883       0.292337      0.0219133
      96.2195       0.141648   -0.000835422
      96.2508     -0.0311187     -0.0150661
      96.2820      -0.256035    -0.00984025
      96.3133     -0.0246795     -0.0246795
      96.3445      0.0126050      0.0126050
      96.3758      0.0377175      0.0377175
      96.4070     -0.0597393     -0.0597393
      96.4383      0.0133662      0.0133662
      96.4695      0.0234068      0.0135851
      96.5008       0.358930     0.00755238
      96.5320       0.834060    -0.00665786
      96.5633        2.05642    -0.00716970
      96.5945        1.60027     0.00136159
      96.6258       0.246481     0.00120224
      96.6570      0.0299550      0.0299550
      96.6883   -0.000498600   -0.000498600
      96.7195      0.0205633      0.0205633
      96.7508      -0.165198      -0.165198
      96.7820     -0.0369968     -0.0369968
      96.8133       0.256028       0.256028
      96.8445       0.104762       0.104762
      96.8758      -0.284312      -0.284312
      96.9070      0.0205287      0.0205287
      96.9383      0.0474849      0.0474849
      96.9695       0.173498       0.173498
      97.0008     -0.0694645     -0.0694645
      97.0320      -0.237204      -0.237204
      97.0633     -0.0802442     -0.0802442
      97.0945       0.222006       0.222006
      97.1258      0.0710333      0.0710333
      97.1570      0.0217099      0.0217099
      97.1883     -0.0464610     -0.0464610
      97.2195      0.0944945      0.0944945
      97.2508      -0.119290      -0.119290
      97.2820     -0.0716229     -0.0716229
      97.3133     -0.0700243     -0.0700243
      97.3445      0.0286894      0.0286894
      97.3758      0.0996356      0.0996356
      97.4070      0.0382492      0.0382492
      97.4383     -0.0700125     -0.0700125
      97.4695       0.198451       0.198451
      97.5008      -0.155523      -0.155523
      97.5320      -0.154661      -0.154661
      97.5633     -0.0336913     -0.0336913
      97.5945       0.188531       0.188531
      97.6258       0.120501       0.120501
      97.6570      0.0184269      0.0184269
      97.6883      -0.176995      -0.176995
      97.7195       0.188268     -0.0373663
      97.7508       0.755667      0.0282836
      97.7820        1.46288      0.0313386
      97.8133        2.34312  -2.68221e-007
      97.8445        1.61449     -0.0211219
      97.8758       0.635919    -0.00716561
      97.9070     -0.0543037      0.0370886
      97.9383      0.0625465      0.0625465
      97.9695     -0.0859271     -0.0859271
      98.0008      0.0494649      0.0494649
      98.0320       0.132554       0.132554
      98.0633      -0.256724      -0.256724
      98.0945      -0.188874      -0.188874
      98.1258       0.223026       0.223026
      98.1570       0.152841       0.152841
      98.1883      -0.165757      -0.165757
      98.2195       0.379671       0.379671
      98.2508      -0.289821      -0.289821
      98.2820      -0.183322      -0.183322
      98.3133       0.118836       0.118836
      98.3445       0.185265       0.185265
      98.3758      -0.297766      -0.297766
      98.4070       0.140756       0.140756
      98.4383       0.112309       0.112309
      98.4695      0.0559563      0.0559563
      98.5008      -0.345798      -0.345798
      98.5320       0.178205       0.178205
      98.5633     -0.0791909     -0.0791909
      98.5945       0.174305       0.174305
      98.6258     -0.0557317     -0.0557317
      98.6570     -0.0613356     -0.0613356
      98.6883       0.266571       0.266571
      98.7195      -0.298270      -0.298270
      98.7508     -0.0948096     -0.0948096
      98.7820     0.00534345     0.00534345
      98.8133       0.359718       0.359718
      98.8445     -0.0383273     -0.0383273
      98.8758      -0.289856      -0.289856
      98.9070     -0.0380687     -0.0380687
      98.9383       0.112837       0.112837
      98.9695       0.288069       0.288069
      99.0008      -0.147189      -0.147189
      99.0320      -0.150454      -0.150454
      99.0633       0.382833     -0.0148678
      99.0945       0.619611      0.0579078
      99.1258       0.884978    -0.00986503
      99.1570       0.751961     -0.0869802
      99.1883       0.439638      0.0411266
      99.2195       0.237479       0.237479
      99.2508       0.146569       0.146569
      99.2820      -0.428340      -0.428340
      99.3133      0.0299811      0.0299811
      99.3445      0.0970789      0.0970789
      99.3758      -0.231746      -0.231746
      99.4070       0.189204       0.189204
      99.4383       0.106562       0.106562
      99.4695       0.141098       0.141098
      99.5008      -0.170295      -0.170295
      99.5320      -0.102696      -0.102696
      99.5633     -0.0773550     -0.0773550
      99.5945      0.0549197      0.0549197
      99.6258       0.247290       0.247290
      99.6570     -0.0299702     -0.0299702
      99.6883      -0.345715      -0.345715
      99.7195       0.148430       0.148430
      99.7508       0.699291       0.102581
      99.7820       0.585116     0.00707820
      99.8133       0.630975     -0.0493295
      99.8445       0.939469   5.96046e-008
      99.8758        1.55675  -2.98023e-007
      99.9070        1.59556      0.0110190
      99.9383       0.767725      0.0200889
      99.9695       0.170116     -0.0727619
      100.001      -0.124853      -0.124853
      100.032      0.0589066      0.0589066
      100.063       0.360561       0.360561
      100.095     -0.0608129     -0.0608129
      100.126      -0.229131      -0.229131
      100.157     -0.0464738     -0.0464738
      100.188     -0.0976318     -0.0976318
      100.220       0.347967       0.347967
      100.251      0.0117237      0.0117237
      100.282      -0.338827      -0.338827
      100.313       0.133474       0.133474
      100.345     -0.0680782     -0.0680782
      100.376      0.0935220      0.0935220
      100.407      0.0736120      0.0736120
      100.438      0.0616305      0.0616305
      100.470      -0.148935      -0.148935
      100.501      -0.202720      -0.202720
      100.532      0.0246168      0.0246168
      100.563       0.262523       0.262523
      100.595       0.329215       0.329215
      100.626      -0.447946      -0.447946
      100.657      -0.177860      -0.177860
      100.688       0.225764       0.225764
      100.720       0.228653       0.228653
      100.751     -0.0468620     -0.0468620
      100.782      -0.283143      -0.283143
      100.813      -0.196224      -0.196224
      100.845       0.198360       0.198360
      100.876     -0.0449552     -0.0449552
      100.907       0.192260       0.192260
      100.938       0.248853       0.248853
      100.970     -0.0613651     -0.0613651
      101.001      -0.226248      -0.226248
      101.032      -0.123237      -0.123237
      101.063      0.0279902      0.0279902
      101.095      0.0663619      0.0663619
      101.126      -0.215574      -0.215574
      101.157       0.303650       0.303650
      101.188       0.167929       0.167929
      101.220      -0.185429      -0.185429
      101.251      0.0247988      0.0247988
      101.282      -0.291278      -0.291278
      101.313      0.0435818      0.0435818
      101.345       0.242790       0.242790
      101.376      0.0716581      0.0716581
      101.407      -0.259883      -0.259883
      101.438     -0.0405252     -0.0405252
      101.470       0.382188       0.382188
      101.501       0.130403       0.130403
      101.532      -0.706376      -0.706376
      101.563       0.161342       0.161342
      101.595       0.289004       0.289004
      101.626       0.366113       0.366113
      101.657      -0.435123      -0.435123
      101.688      -0.526793      -0.526793
      101.720       0.336457       0.336457
      101.751       0.155197       0.155197
      101.782       0.250095       0.250095
      101.813      -0.184942      -0.184942
      101.845      0.0510633      0.0510633
      101.876      0.0253238      0.0253238
      101.907      -0.225991      -0.225991
      101.938      -0.152594      -0.152594
      101.970       0.273709       0.273709
      102.001      0.0352050      0.0352050
      102.032      -0.180540      -0.180540
      102.063     -0.0700483     -0.0700483
      102.095       0.340727       0.340727
      102.126       0.136087       0.136087
      102.157      0.0863198      0.0863198
      102.188      -0.680626      -0.680626
      102.220      -0.108930      -0.108930
      102.251       0.317443       0.317443
      102.282       0.352155       0.352155
      102.313      -0.187850      -0.187850
      102.345      -0.185860      -0.185860
      102.376       0.192857       0.192857
      102.407      -0.236583      -0.236583
      102.438       0.250031       0.250031
      102.470      -0.145764      -0.145764
      102.501      0.0860944      0.0860944
      102.532       0.159352       0.159352
      102.563     -0.0277634     -0.0277634
      102.595      -0.245857      -0.245857
      102.626      -0.174266      -0.174266
      102.657    -0.00652578    -0.00652578
      102.688       0.331733       0.331733
      102.720       0.324723       0.324723
      102.751     -0.0829315     -0.0829315
      102.782      -0.587024      -0.587024
      102.813     -0.0558536     -0.0558536
      102.845       0.407918       0.407918
      102.876       0.206422       0.206422
      102.907      -0.342113      -0.342113
      102.938      -0.353958      -0.353958
      102.970       0.397360       0.397360
      103.001       0.319208       0.319208
      103.032     -0.0700604     -0.0700604
      103.063      -0.281306      -0.281306
      103.095      0.0696521      0.0696521
      103.126      -0.343010      -0.343010
      103.157       0.198949       0.198949
      103.188       0.636307       0.636307
      103.220      -0.510268      -0.510268
      103.251      -0.251124      -0.251124
      103.282     -0.0738275     -0.0738275
      103.313       0.300861       0.300861
      103.345       0.380288       0.380288
      103.376      -0.223539      -0.223539
      103.407      -0.194733      -0.194733
      103.438       0.174931       0.174931
      103.470     -0.0863151     -0.0863151
      103.501      -0.402576      -0.402576
      103.532       0.158977       0.158977
      103.563       0.641196       0.641196
      103.595      -0.296743      -0.296743
      103.626      -0.269932      -0.269932
      103.657      0.0427110      0.0427110
      103.688       0.176213       0.176213
      103.720     -0.0267750     -0.0267750
      103.751      -0.283998      -0.283998
      103.782       0.255844       0.255844
      103.813       0.182537       0.182537
      103.845      -0.259554      -0.259554
      103.876       0.208053       0.208053
      103.907     -0.0172811     -0.0172811
      103.938      -0.426664      -0.426664
      103.970      0.0210344      0.0210344
      104.001       0.141581       0.141581
      104.032       0.362692       0.362692
      104.063    -0.00529438    -0.00529438
      104.095      -0.220933      -0.220933
      104.126       0.164535       0.164535
      104.157      -0.406931      -0.406931
      104.188     -0.0801579     -0.0801579
      104.220       0.511063       0.511063
      104.251       0.201904       0.201904
      104.282      -0.235430      -0.235430
      104.313      -0.436981      -0.436981
      104.345      -0.303499      -0.303499
      104.376       0.321342       0.321342
      104.407       0.841428       0.841428
      104.438      -0.390469      -0.390469
      104.470     -0.0856842     -0.0856842
      104.501      -0.358994      -0.358994
      104.532       0.179670       0.179670
      104.563      0.0671691      0.0671691
      104.595      0.0409152      0.0409152
      104.626      0.0419053      0.0419053
      104.657     0.00411439     0.00411439
      104.688      -0.321316      -0.321316
      104.720      0.0440665      0.0440665
      104.751       0.346528       0.346528
      104.782       0.109236       0.109236
      104.813      -0.260956      -0.260956
      104.845      -0.242406      -0.242406
      104.876       0.367268       0.367268
      104.907     -0.0193515     -0.0193515
      104.938      -0.292279      -0.292279
      104.970       0.219511       0.219511
      105.001     0.00299641     0.00299641
      105.032    -0.00177449    -0.00177449
      105.063      -0.286295      -0.286295
      105.095       0.349604       0.349604
      105.126       0.183582       0.183582
      105.157      -0.258204      -0.258204
      105.188      -0.253584      -0.253584
      105.220       0.101167       0.101167
      105.251       0.226843       0.226843
      105.282      -0.113073      -0.113073
      105.313     -0.0486010     -0.0486010
      105.345      0.0708831      0.0708831
      105.376       0.171946       0.171946
      105.407      -0.147615      -0.147615
      105.438    -0.00290296    -0.00290296
      105.470     -0.0910338     -0.0910338
      105.501    -0.00461096    -0.00461096
      105.532     -0.0624003     -0.0624003
      105.563      0.0958085      0.0958085
      105.595       0.206929       0.206929
      105.626      -0.270168      -0.270168
      105.657       0.227670       0.227670
      105.688     -0.0874520     -0.0874520
      105.720      -0.164415      -0.164415
      105.751      0.0115844      0.0115844
      105.782       0.132666       0.132666
      105.813       0.157774       0.157774
      105.845      0.0674244      0.0674244
      105.876      -0.602506      -0.602506
      105.907       0.165423       0.165423
      105.938       0.266821       0.266821
      105.970       0.115344       0.115344
      106.001      -0.254920      -0.254920
      106.032       0.150654       0.150654
      106.063      -0.232591      -0.232591
      106.095      0.0821419      0.0821419
      106.126       0.130296       0.130296
      106.157     0.00857177     0.00857177
      106.188      -0.131686      -0.131686
      106.220      0.0308106      0.0308106
      106.251     -0.0322897     -0.0322897
      106.282       0.359985       0.359985
      106.313      -0.346259      -0.346259
      106.345      -0.314230      -0.314230
      106.376       0.356888       0.356888
      106.407       0.199221       0.199221
      106.438     -0.0964569     -0.0964569
      106.470      -0.209451      -0.209451
      106.501       0.105157       0.105157
      106.532      -0.102844      -0.102844
      106.563      0.0469609      0.0469609
      106.595       0.192943       0.192943
      106.626     -0.0787332     -0.0787332
      106.657      -0.159616      -0.159616
      106.688      -0.278759      -0.278759
      106.720       0.790828       0.790828
      106.751      -0.146402      -0.146402
      106.782      -0.369543      -0.369543
      106.813      -0.133593      -0.133593
      106.845       0.350796       0.350796
      106.876      -0.234281      -0.234281
      106.907      0.0634348      0.0634348
      106.938       0.225883       0.225883
      106.970     -0.0898240     -0.0898240
      107.001      -0.111005      -0.111005
      107.032     -0.0852070     -0.0852070
      107.063       0.227738       0.227738
      107.095      -0.250372      -0.250372
      107.126      0.0590419      0.0590419
      107.157       0.204413       0.204413
      107.188       0.145487       0.145487
      107.220      -0.490510      -0.490510
      107.251      0.0948268      0.0948268
      107.282       0.131587       0.131587
      107.313      0.0875965      0.0875965
      107.345       0.113163       0.113163
      107.376      -0.362572      -0.362572
      107.407      0.0614377      0.0614377
      107.438       0.187741       0.187741
      107.470      0.0342524      0.0342524
      107.501      -0.117893      -0.117893
      107.532      -0.249775      -0.249775
      107.563       0.120116       0.120116
      107.595      0.0837869      0.0837869
      107.626       0.153487       0.153487
      107.657       0.188013       0.188013
      107.688      -0.186967      -0.186967
      107.720      -0.344094      -0.344094
      107.751      0.0238742      0.0238742
      107.782       0.475781       0.475781
      107.813      -0.314535      -0.314535
      107.845      -0.274569      -0.274569
      107.876       0.473770       0.473770
      107.907      0.0533940      0.0533940
      107.938      -0.314070      -0.314070
      107.970      0.0643564      0.0643564
      108.001     -0.0634548     -0.0634548
      108.032     -0.0354910     -0.0354910
      108.063       0.266777       0.266777
      108.095       0.257315       0.257315
      108.126      -0.324864      -0.324864
      108.157      -0.515563      -0.515563
      108.188       0.371596       0.371596
      108.220       0.375735       0.375735
      108.251      -0.202129      -0.202129
      108.282      -0.382534      -0.382534
      108.313       0.246159       0.246159
      108.345       0.226982       0.226982
      108.376      0.0530435      0.0530435
      108.407      -0.501050      -0.501050
      108.438       0.300014       0.300014
      108.470     -0.0290178     -0.0290178
      108.501     -0.0464094     -0.0464094
      108.532      0.0233551      0.0233551
      108.563      0.0243249      0.0243249
      108.595      0.0685487      0.0685487
      108.626      0.0649275      0.0649275
      108.657      -0.424202      -0.424202
      108.688       0.244286       0.244286
      108.720      0.0193502      0.0193502
      108.751       0.251513       0.251513
      108.782      -0.119818      -0.119818
      108.813      -0.207546      -0.207546
      108.845      -0.102663      -0.102663
      108.876       0.431680       0.431680
      108.907      -0.193658      -0.193658
      108.938       0.407001      -0.100359
      108.970       0.783157      0.0222375
      109.001       0.561572       0.112671
      109.032       0.800920      -0.100806
      109.063      -0.226658      -0.226658
      109.095      0.0982957      0.0982957
      109.126       0.537712       0.537712
      109.157      -0.182446      -0.182446
      109.188      -0.464115      -0.464115
      109.220       0.158690       0.158690
      109.251       0.230797       0.230797
      109.282     -0.0349850     -0.0349850
      109.313      -0.151736      -0.151736
      109.345      0.0342928      0.0342928
      109.376       0.483271      0.0348026
      109.407       0.543487     0.00480187
      109.438     -0.0357164     -0.0106921
      109.470      -0.661146  -1.66893e-006
      109.501     -0.0270473   1.66893e-006
      109.532       0.319367  -2.98023e-006
      109.563        4.69859  -1.19209e-007
      109.595        8.53882   2.38419e-006
      109.626        2.87708     -0.0277013
      109.657        1.37902      -0.127722
      109.688        1.14376       0.147146
      109.720       0.289262       0.289262
      109.751       0.143198       0.143198
      109.782       -1.02624       -1.02624
      109.813       0.634975       0.634975
      109.845      0.0317230      0.0317230
      109.876        1.29366     -0.0119470
      109.907       0.821139      -0.114678
      109.938        5.60771      0.0619773
      109.970        13.7429  -2.38419e-007
      110.001        49.7721   2.50340e-006
      110.032        32.1496  -2.86102e-006
      110.063        9.97223  -1.07288e-006
      110.095        9.34829   3.93391e-006
      110.126      -0.573057   1.09673e-005
      110.157        1.09276  -1.15633e-005
      110.188      -0.812657     -0.0903398
      110.220       0.516695     -0.0188240
      110.251      -0.577078      0.0903572
      110.282       0.370875       0.370875
      110.313      -0.340198      -0.340198
      110.345      0.0342541      0.0342541
      110.376      -0.318887      -0.318887
      110.407       0.213065       0.213065
      110.438       0.112390       0.112390
      110.470      -0.179971      0.0235100
      110.501       0.367006    -0.00234842
      110.532       0.798045      0.0143216
      110.563      -0.124898     -0.0546231
      110.595      -0.256191      -0.256191
      110.626       0.241957       0.241957
      110.657    -0.00316811    -0.00316811
      110.688      0.0486670      0.0486670
      110.720      -0.223969      -0.223969
      110.751       0.226519       0.226519
      110.782      0.0206015      0.0206015
      110.813      -0.359731      -0.359731
      110.845       0.602575       0.602575
      110.876      -0.195781      -0.195781
      110.907       0.147116       0.147116
      110.938      -0.404128      -0.404128
      110.970      -0.745968      -0.745968
      111.001       0.828125       0.828125
      111.032       0.327649       0.327649
      111.063     -0.0798267     -0.0798267
      111.095      -0.208005      -0.208005
      111.126       0.000000       0.000000
      111.157       0.000000       0.000000
      111.188       0.000000       0.000000
      111.220       0.000000       0.000000
      111.251       0.000000       0.000000
      111.282       0.000000       0.000000
      111.313       0.000000       0.000000
      111.345       0.000000       0.000000
      111.376       0.000000       0.000000
      111.407       0.000000       0.000000
      111.438       0.000000       0.000000
      111.470       0.000000       0.000000
      111.501       0.000000       0.000000
      111.532       0.000000       0.000000
      111.563       0.000000       0.000000
      111.595       0.000000       0.000000
      111.626       0.000000       0.000000
      111.657       0.000000       0.000000
      111.688       0.000000       0.000000
      111.720       0.000000       0.000000
      111.751       0.000000       0.000000
      111.782       0.000000       0.000000
      111.813       0.000000       0.000000
      111.845       0.000000       0.000000
      111.876       0.000000       0.000000
      111.907       0.000000       0.000000
      111.938       0.000000       0.000000
      111.970       0.000000       0.000000
      112.001       0.000000       0.000000
      112.032       0.000000       0.000000
      112.063       0.000000       0.000000
      112.095       0.000000       0.000000
      112.126       0.000000       0.000000
      112.157       0.000000       0.000000
      112.188       0.000000       0.000000
      112.220       0.000000       0.000000
